r7,-16195,-16140,-16112,-16133
8,-16180,-16108,-16088,-16165
9,-16120,-16120,-16093,-16133
10,-16145,-16129,-16135,-16141
11,-15920,-16077,-16140,-15986
12,-16011,-16095,-16104,-16003
13,-16237,-16102,-16047,-16166
14,-16084,-16086,-16033,-16108
15,-15961,-16059,-16083,-16005
16,-16092,-16050,-16100,-16065
17,-16152,-16089,-16062,-16125
18,-16009,-16089,-16054,-16043
19,-16124,-16070,-16080,-16099
20,-16171,-16084,-16084,-16149
21,-16107,-16109,-16092,-16119
22,-15976,-16089,-16115,-16018
23,-16328,-16119,-16113,-16235
24,-16310,-16169,-16107,-16287
25,-16296,-16198,-16169,-16293
26,-16185,-16200,-16255,-16217
27,-16040,-16189,-16271,-16093
28,-15928,-16181,-16214,-15977
29,-15997,-16126,-16111,-15991
30,-16168,-16102,-16023,-16114
31,-16325,-16107,-16014,-16261
32,-16036,-16082,-16089,-16103
33,-15976,-16071,-16163,-16014
34,-15936,-16073,-16135,-15959
35,-16045,-16081,-16043,-16019
36,-16145,-16077,-15992,-16107
37,-16254,-16065,-16016,-16209
38,-16181,-16089,-16091,-16189
39,-15977,-16089,-16159,-16040
40,-16041,-16107,-16161,-16040
41,-16001,-16099,-16094,-16012
42,-16060,-16085,-16037,-16045
43,-15835,-16015,-16017,-15898
44,-16220,-16022,-16004,-16123
45,-15968,-16020,-15993,-16014
46,-16214,-16049,-16025,-16154
47,-16273,-16095,-16074,-16237
48,-16335,-16140,-16131,-16305
49,-16190,-16200,-16213,-16224
50,-16073,-16175,-16258,-16118
51,-16240,-16220,-16233,-16203
52,-16211,-16220,-16177,-16208
53,-16120,-16194,-16169,-16146
54,-16091,-16154,-16181,-16107
55,-16109,-16140,-16158,-16108
56,-15897,-16111,-16115,-15960
57,-16288,-16119,-16078,-16189
58,-16249,-16125,-16061,-16231
59,-16121,-16125,-16114,-16154
60,-16064,-16121,-16184,-16091
61,-16002,-16103,-16166,-16028
62,-15840,-16094,-16097,-15896
63,-16261,-16089,-16027,-16151
64,-16045,-16055,-15994,-16076
65,-15677,-15981,-16031,-15796
66,-16028,-15975,-16032,-15958
67,-16200,-16008,-15946,-16127
68,-16443,-16109,-15953,-16348
69,-16081,-16079,-16093,-16161
70,-16360,-16131,-16227,-16300
71,-16271,-16230,-16259,-16279
72,-15929,-16214,-16248,-16034
73,-15653,-16122,-16212,-15767
74,-16080,-16062,-16069,-15986
75,-16925,-16203,-15941,-16643
76,-15516,-16062,-16023,-15854
77,-16059,-16027,-16214,-15997
78,-15919,-16025,-16153,-15942
79,-16138,-16106,-15980,-16079
80,-16048,-16100,-15966,-16057
81,-16032,-15952,-16019,-16039
82,-16489,-16114,-16066,-16354
83,-16363,-16164,-16119,-16360
84,-16184,-16209,-16238,-16236
85,-16465,-16263,-16324,-16396
86,-16161,-16282,-16318,-16231
87,-16280,-16323,-16307,-16265
88,-16225,-16279,-16286,-16237
89,-15374,-16114,-16229,-15632
90,-16303,-16134,-16120,-16101
91,-16105,-16074,-15953,-16103
92,-16384,-16111,-15953,-16299
93,-17117,-16251,-16134,-16871
94,-17087,-16395,-16371,-17022
95,-16508,-16584,-16685,-16662
96,-16299,-16583,-16867,-16407
97,-15870,-16544,-16733,-16031
98,-15737,-16436,-16422,-15825
99,-16248,-16291,-16124,-16121
100,-16040,-16117,-15957,-16064
101,-15863,-16009,-15983,-15923
102,-15637,-15899,-16023,-15722
103,-15308,-15805,-15922,-15432
104,-16323,-15903,-15752,-16055
105,-15673,-15807,-15664,-15787
106,-15632,-15739,-15764,-15678
107,-15048,-15603,-15812,-15237
108,-15604,-15598,-15649,-15493
109,-16065,-15724,-15467,-15893
110,-16512,-15755,-15510,-16326
111,-16460,-15886,-15827,-16419
112,-16172,-15976,-16178,-16246
113,-16400,-16202,-16354,-16353
114,-15920,-16254,-16335,-16049
115,-16097,-16260,-16255,-16082
116,-16261,-16218,-16160,-16207
117,-15657,-16084,-16090,-15822
118,-15809,-16024,-16061,-15812
119,-16500,-16040,-15968,-16293
120,-17105,-16238,-15957,-16861
121,-16697,-16338,-16232,-16746
122,-16817,-16430,-16615,-16795
123,-16425,-16558,-16788,-16536
124,-16417,-16660,-16740,-16452
125,-17019,-16746,-16623,-16848
126,-16749,-16687,-16574,-16778
127,-16349,-16629,-16671,-16477
128,-16336,-16549,-16715,-16378
129,-16660,-16588,-16582,-16575
130,-16633,-16624,-16467,-16615
131,-16568,-16549,-16502,-16582
132,-16164,-16451,-16568,-16289
133,-16483,-16474,-16535,-16424
134,-17256,-16627,-16447,-17006
135,-17704,-16801,-16531,-17494
136,-18417,-17098,-16918,-18140
137,-17699,-17287,-17439,-17831
138,-17449,-17501,-17836,-17563
139,-17986,-17751,-17896,-17859
140,-17234,-17748,-17742,-17421
141,-16652,-17572,-17635,-16882
142,-16424,-17240,-17421,-16561
143,-16736,-17080,-17021,-16683
144,-17584,-17102,-16726,-17313
145,-17881,-17085,-16779,-17710
146,-17448,-17120,-17149,-17526
147,-17291,-17227,-17504,-17361
148,-16811,-17291,-17550,-16976
149,-16909,-17320,-17353,-16929
150,-17348,-17281,-17113,-17222
151,-17399,-17201,-17016,-17345
152,-17808,-17261,-17141,-17669
153,-16921,-17199,-17339,-17145
154,-17010,-17232,-17435,-17050
155,-17389,-17312,-17316,-17287
156,-17059,-17264,-17156,-17127
157,-16485,-17112,-17136,-16677
158,-16656,-16920,-17064,-16662
159,-16329,-16821,-16836,-16428
160,-16917,-16805,-16634,-16770
161,-17285,-16788,-16585,-17130
162,-17365,-16839,-16735,-17294
163,-16781,-16888,-17007,-16934
164,-16101,-16796,-17130,-16350
165,-16036,-16747,-16932,-16130
166,-16425,-16665,-16533,-16336
167,-16406,-16519,-16259,-16385
168,-17080,-16471,-16272,-16871
169,-15433,-16246,-16419,-15864
170,-15020,-16066,-16447,-15273
171,-15124,-15914,-16076,-15168
172,-14868,-15655,-15491,-14958
173,-14469,-15332,-15127,-14615
174,-14440,-14892,-14919,-14492
175,-14361,-14713,-14698,-14400
176,-15096,-14726,-14530,-14887
177,-15376,-14768,-14541,-15229
178,-15509,-14875,-14789,-15425
179,-15819,-15100,-15143,-15700
180,-15752,-15318,-15423,-15736
181,-15692,-15540,-15620,-15705
182,-15590,-15623,-15714,-15624
183,-15248,-15601,-15696,-15360
184,-15872,-15662,-15611,-15718
185,-15985,-15689,-15543,-15904
186,-15777,-15694,-15630,-15815
187,-15232,-15617,-15781,-15406
188,-14763,-15479,-15740,-14955
189,-14985,-15435,-15461,-14976
190,-14920,-15277,-15126,-14936
191,-14769,-15074,-14949,-14819
192,-14137,-14801,-14884,-14341
193,-13640,-14535,-14728,-13850
194,-13656,-14351,-14395,-13714
195,-13497,-14103,-13994,-13562
196,-13299,-13833,-13713,-13377
197,-13400,-13604,-13553,-13393
198,-13233,-13454,-13433,-13281
199,-13765,-13475,-13370,-13619
200,-14119,-13552,-13399,-13969
201,-14393,-13701,-13587,-14265
202,-14905,-13969,-13915,-14713
203,-14817,-14205,-14264,-14785
204,-15164,-14527,-14585,-15050
205,-15820,-14869,-14840,-15589
206,-15619,-15119,-15093,-15610
207,-15690,-15335,-15402,-15666
208,-15992,-15517,-15618,-15894
209,-16269,-15759,-15725,-16156
210,-16592,-15997,-15886,-16461
211,-16169,-16055,-16118,-16256
212,-16368,-16180,-16308,-16334
213,-16781,-16361,-16360,-16646
214,-16424,-16433,-16387,-16490
215,-16417,-16458,-16490,-16438
216,-16381,-16423,-16522,-16398
217,-16481,-16475,-16463,-16456
218,-16720,-16534,-16430,-16640
219,-16683,-16517,-16473,-16670
220,-16685,-16561,-16575,-16680
221,-16754,-16617,-16659,-16731
222,-16397,-16620,-16683,-16497
223,-16616,-16642,-16662,-16580
224,-16149,-16547,-16585,-16278
225,-16067,-16444,-16480,-16130
226,-15780,-16293,-16331,-15885
227,-15555,-16094,-16123,-15654
228,-15693,-15976,-15912,-15681
229,-15677,-15820,-15737,-15678
230,-15741,-15752,-15666,-15722
231,-15877,-15720,-15680,-15830
232,-15301,-15640,-15712,-15459
233,-15531,-15636,-15706,-15509
234,-15615,-15623,-15602,-15583
235,-15481,-15591,-15515,-15511
236,-15985,-15631,-15539,-15842
237,-15931,-15640,-15607,-15904
238,-15904,-15741,-15740,-15904
239,-16244,-15860,-15879,-16142
240,-15960,-15917,-15959,-16014
241,-15979,-16000,-16030,-15989
242,-16148,-16027,-16051,-16100
243,-16022,-16042,-16029,-16045
244,-16288,-16106,-16051,-16215
245,-15856,-16042,-16086,-15963
246,-15601,-15982,-16088,-15709
247,-14909,-15804,-15967,-15149
248,-16448,-15854,-15715,-16058
249,-14752,-15642,-15518,-15143
250,-15089,-15442,-15523,-15105
251,-15620,-15403,-15428,-15465
252,-15542,-15393,-15246,-15518
253,-15417,-15478,-15325,-15447
254,-15129,-15258,-15454,-15224
255,-14917,-15285,-15422,-15009
256,-14581,-15201,-15248,-14709
257,-14984,-15095,-15026,-14901
258,-15312,-15056,-14865,-15188
259,-15048,-14995,-14889,-15090
260,-15416,-15043,-15052,-15318
261,-15178,-15086,-15166,-15220
262,-15025,-15160,-15221,-15083
263,-14600,-15096,-15204,-14744
264,-14584,-14975,-15057,-14632
265,-14689,-14915,-14841,-14671
266,-14450,-14754,-14675,-14516
267,-14225,-14595,-14601,-14312
268,-14465,-14502,-14518,-14419
269,-14085,-14416,-14402,-14185
270,-14308,-14370,-14328,-14271
271,-13928,-14243,-14265,-14030
272,-13657,-14111,-14179,-13768
273,-13800,-14040,-14045,-13790
274,-13674,-13908,-13867,-13708
275,-13609,-13829,-13758,-13638
276,-13593,-13710,-13705,-13606
277,-13090,-13570,-13639,-13244
278,-13009,-13462,-13527,-13079
279,-12800,-13295,-13323,-12883
280,-12689,-13131,-13093,-12747
281,-12726,-12984,-12910,-12732
282,-12396,-12785,-12776,-12496
283,-12655,-12712,-12681,-12607
284,-12387,-12608,-12592,-12453
285,-12508,-12560,-12536,-12491
286,-12287,-12493,-12498,-12348
287,-12232,-12410,-12445,-12266
288,-12097,-12361,-12369,-12147
289,-12214,-12287,-12271,-12193
290,-11672,-12168,-12183,-11828
291,-11685,-12031,-12086,-11727
292,-11569,-11911,-11922,-11616
293,-11504,-11790,-11742,-11537
294,-11557,-11700,-11627,-11551
295,-11423,-11568,-11557,-11461
296,-11492,-11538,-11520,-11482
297,-11181,-11454,-11484,-11271
298,-10650,-11301,-11409,-10836
299,-10721,-11170,-11239,-10755
300,-10597,-11010,-10971,-10644
301,-10562,-10867,-10757,-10586
302,-10260,-10661,-10644,-10357
303,-9982,-10462,-10538,-10094
304,-9936,-10343,-10370,-9983
305,-10266,-10267,-10171,-10181
306,-10277,-10213,-10066,-10248
307,-10256,-10162,-10113,-10253
308,-10493,-10201,-10218,-10421
309,-10541,-10294,-10295,-10505
310,-10045,-10313,-10371,-10183
311,-10378,-10331,-10401,-10319
312,-10216,-10321,-10327,-10246
313,-10361,-10339,-10267,-10326
314,-10127,-10278,-10269,-10186
315,-10373,-10250,-10271,-10316
316,-10273,-10288,-10260,-10285
317,-10268,-10269,-10266,-10273
318,-10664,-10344,-10294,-10546
319,-10440,-10357,-10338,-10471
320,-10615,-10438,-10434,-10571
321,-10808,-10511,-10518,-10736
322,-10392,-10531,-10573,-10495
323,-10323,-10540,-10614,-10374
324,-10175,-10458,-10545,-10234
325,-10189,-10417,-10394,-10202
326,-10557,-10407,-10281,-10450
327,-10426,-10343,-10264,-10433
328,-10736,-10401,-10357,-10645
329,-10576,-10443,-10474,-10596
330,-10121,-10434,-10551,-10263
331,-10706,-10520,-10544,-10573
332,-10684,-10541,-10462,-10650
333,-10525,-10558,-10483,-10562
334,-10556,-10528,-10581,-10557
335,-10429,-10503,-10592,-10467
336,-10672,-10595,-10550,-10610
337,-10932,-10633,-10536,-10835
338,-10648,-10627,-10603,-10704
339,-10929,-10694,-10722,-10861
340,-10784,-10732,-10780,-10807
341,-10840,-10800,-10803,-10830
342,-10804,-10822,-10824,-10811
343,-10833,-10806,-10820,-10826
344,-10972,-10860,-10822,-10928
345,-11268,-10916,-10851,-11166
346,-11027,-10957,-10939,-11068
347,-11262,-11027,-11060,-11203
348,-11261,-11103,-11131,-11243
349,-11544,-11222,-11182,-11453
350,-11636,-11333,-11276,-11581
351,-11732,-11410,-11412,-11686
352,-11922,-11559,-11561,-11851
353,-11944,-11673,-11690,-11916
354,-12026,-11800,-11811,-11993
355,-12089,-11891,-11912,-12060
356,-11961,-11945,-11980,-11990
357,-12352,-12049,-12029,-12243
358,-12492,-12144,-12078,-12417
359,-12365,-12214,-12194,-12380
360,-12770,-12338,-12348,-12653
361,-12663,-12433,-12457,-12660
362,-12818,-12576,-12569,-12770
363,-13017,-12687,-12680,-12942
364,-12937,-12761,-12776,-12938
365,-13476,-12946,-12892,-13314
366,-13468,-13063,-13026,-13421
367,-13837,-13258,-13220,-13712
368,-14000,-13455,-13447,-13913
369,-13496,-13535,-13652,-13621
370,-14204,-13746,-13789,-14029
371,-14047,-13842,-13822,-14041
372,-13847,-13905,-13896,-13905
373,-14068,-13943,-13991,-14019
374,-13576,-13873,-13976,-13708
375,-13889,-13938,-13918,-13834
376,-14160,-13931,-13847,-14062
377,-13897,-13906,-13844,-13946
378,-14249,-13973,-13948,-14158
379,-13640,-13901,-14015,-13795
380,-13993,-13971,-14015,-13933
381,-14456,-14065,-13961,-14299
382,-14121,-14059,-13974,-14174
383,-14368,-14137,-14131,-14309
384,-14330,-14151,-14240,-14323
385,-14250,-14253,-14277,-14271
386,-14712,-14372,-14313,-14579
387,-14617,-14399,-14361,-14605
388,-14729,-14501,-14479,-14691
389,-14988,-14604,-14612,-14898
390,-14532,-14638,-14705,-14641
391,-15268,-14807,-14783,-15079
392,-15188,-14887,-14831,-15155
393,-15037,-14957,-14947,-15072
394,-15433,-15074,-15099,-15324
395,-15125,-15097,-15162,-15184
396,-15161,-15202,-15209,-15167
397,-15505,-15241,-15229,-15403
398,-15321,-15263,-15234,-15345
399,-15473,-15336,-15306,-15434
400,-15669,-15375,-15382,-15598
401,-15700,-15471,-15450,-15669
402,-15812,-15580,-15556,-15769
403,-15316,-15548,-15650,-15451
404,-15437,-15567,-15662,-15441
405,-15824,-15626,-15570,-15709
406,-15436,-15587,-15508,-15517
407,-15893,-15619,-15567,-15780
408,-15596,-15583,-15626,-15651
409,-15637,-15637,-15667,-15641
410,-15687,-15678,-15683,-15673
411,-15681,-15655,-15659,-15678
412,-16072,-15761,-15670,-15953
413,-15841,-15752,-15731,-15874
414,-15903,-15803,-15836,-15894
415,-16100,-15880,-15905,-16038
416,-16073,-15945,-15930,-16062
417,-16001,-15998,-15988,-16019
418,-15980,-15983,-16036,-15991
419,-15821,-15979,-16025,-15872
420,-16017,-15998,-15978,-15973
421,-16401,-16048,-15945,-16272
422,-16345,-16094,-16006,-16323
423,-16473,-16172,-16171,-16428
424,-16465,-16253,-16322,-16453
425,-16629,-16388,-16409,-16576
426,-16528,-16473,-16471,-16542
427,-16213,-16442,-16518,-16311
428,-16115,-16403,-16493,-16173
429,-15911,-16310,-16359,-15989
430,-16155,-16258,-16189,-16105
431,-16248,-16195,-16076,-16205
432,-15830,-16078,-16071,-15942
433,-15637,-15982,-16089,-15728
434,-15889,-15945,-15988,-15840
435,-15821,-15930,-15837,-15826
436,-15833,-15876,-15791,-15830
437,-15536,-15757,-15808,-15624
438,-15695,-15735,-15782,-15673
439,-15650,-15737,-15707,-15656
440,-15286,-15636,-15645,-15397
441,-15411,-15568,-15593,-15406
442,-15648,-15537,-15497,-15575
443,-16091,-15630,-15458,-15936
444,-15805,-15648,-15582,-15844
445,-15402,-15607,-15765,-15534
446,-15521,-15646,-15799,-15524
447,-15281,-15624,-15650,-15353
448,-14952,-15508,-15484,-15072
449,-15252,-15368,-15342,-15198
450,-14795,-15200,-15188,-14915
451,-14968,-15128,-15088,-14952
452,-15156,-15067,-15014,-15094
453,-14904,-15004,-14971,-14961
454,-14761,-14972,-14996,-14821
455,-14405,-14831,-14958,-14529
456,-14405,-14766,-14807,-14442
457,-14749,-14730,-14620,-14656
458,-14401,-14604,-14514,-14477
459,-14423,-14524,-14525,-14439
460,-14592,-14495,-14522,-14546
461,-14059,-14438,-14473,-14205
462,-14063,-14381,-14422,-14105
463,-13760,-14216,-14287,-13863
464,-13684,-14096,-14091,-13737
465,-13682,-13973,-13910,-13698
466,-13377,-13770,-13762,-13473
467,-13633,-13699,-13657,-13585
468,-13450,-13597,-13567,-13490
469,-13216,-13507,-13516,-13298
470,-13746,-13517,-13479,-13611
471,-13345,-13461,-13433,-13424
472,-13495,-13480,-13458,-13473
473,-13504,-13459,-13486,-13494
474,-13387,-13448,-13469,-13419
475,-13370,-13474,-13461,-13384
476,-13361,-13410,-13435,-13367
477,-13225,-13390,-13391,-13267
478,-13035,-13313,-13341,-13104
479,-12503,-13146,-13247,-12683
480,-12466,-12993,-13060,-12531
481,-12794,-12897,-12803,-12715
482,-12557,-12763,-12624,-12604
483,-12477,-12638,-12606,-12515
484,-12416,-12535,-12604,-12445
485,-12304,-12502,-12532,-12346
486,-12102,-12441,-12439,-12175
487,-11989,-12307,-12333,-12044
488,-11725,-12168,-12195,-11820
489,-12089,-12104,-12045,-12008
490,-12153,-12060,-11940,-12109
491,-12162,-12036,-11962,-12146
492,-11841,-11993,-12057,-11932
493,-11509,-11913,-12072,-11635
494,-11386,-11856,-11938,-11460
495,-11056,-11684,-11695,-11177
496,-11474,-11571,-11464,-11384
497,-11665,-11488,-11322,-11580
498,-11345,-11405,-11342,-11415
499,-11225,-11358,-11448,-11282
500,-10722,-11247,-11427,-10890
501,-10987,-11236,-11254,-10957
502,-11243,-11197,-11049,-11157
503,-11068,-11098,-10977,-11094
504,-11124,-11061,-11054,-11115
505,-10676,-10970,-11100,-10807
506,-10429,-10921,-11034,-10542
507,-10362,-10817,-10850,-10416
508,-10537,-10699,-10616,-10500
509,-10689,-10636,-10478,-10632
510,-10402,-10515,-10481,-10471
511,-10093,-10418,-10526,-10206
512,-10162,-10374,-10463,-10175
513,-9823,-10284,-10290,-9928
514,-9837,-10167,-10127,-9864
515,-9994,-10051,-9993,-9955
516,-9982,-9981,-9908,-9973
517,-9515,-9885,-9906,-9652
518,-9531,-9780,-9882,-9567
519,-9388,-9707,-9743,-9441
520,-9329,-9623,-9573,-9362
521,-9605,-9558,-9463,-9532
522,-9481,-9474,-9423,-9496
523,-9306,-9440,-9453,-9363
524,-9372,-9413,-9468,-9369
525,-9317,-9401,-9413,-9332
526,-9808,-9481,-9372,-9665
527,-9642,-9487,-9413,-9648
528,-9729,-9529,-9541,-9704
529,-9323,-9531,-9646,-9437
530,-9130,-9491,-9624,-9222
531,-9336,-9494,-9485,-9301
532,-9583,-9457,-9329,-9498
533,-9370,-9411,-9308,-9408
534,-9210,-9325,-9388,-9269
535,-9077,-9284,-9398,-9134
536,-9188,-9294,-9297,-9171
537,-9160,-9264,-9189,-9163
538,-9060,-9177,-9149,-9090
539,-8975,-9111,-9137,-9009
540,-9189,-9108,-9099,-9135
541,-9267,-9139,-9069,-9227
542,-9062,-9118,-9103,-9111
543,-9246,-9133,-9162,-9205
544,-9346,-9180,-9176,-9303
545,-9899,-9334,-9215,-9720
546,-10006,-9471,-9363,-9920
547,-9893,-9575,-9614,-9901
548,-10156,-9757,-9843,-10079
549,-9659,-9826,-9943,-9785
550,-10148,-9960,-9967,-10039
551,-10386,-10041,-9951,-10281
552,-10256,-10083,-10013,-10263
553,-10137,-10123,-10171,-10174
554,-10034,-10103,-10242,-10076
555,-10619,-10263,-10207,-10456
556,-10725,-10359,-10206,-10644
557,-10636,-10401,-10359,-10638
558,-10711,-10477,-10561,-10689
559,-10621,-10557,-10653,-10641
560,-10753,-10677,-10670,-10719
561,-10617,-10677,-10671,-10647
562,-10657,-10665,-10674,-10654
563,-11123,-10747,-10681,-10982
564,-11129,-10816,-10730,-11084
565,-11120,-10899,-10884,-11109
566,-11673,-11053,-11059,-11503
567,-12060,-11293,-11212,-11892
568,-12108,-11535,-11461,-12043
569,-12378,-11744,-11787,-12277
570,-12272,-11935,-12045,-12273
571,-12009,-12083,-12199,-12088
572,-12536,-12227,-12246,-12401
573,-12832,-12355,-12244,-12702
574,-12678,-12450,-12361,-12685
575,-12425,-12458,-12568,-12503
576,-12772,-12542,-12657,-12691
577,-12953,-12699,-12628,-12874
578,-12964,-12770,-12672,-12937
579,-13312,-12850,-12819,-13199
580,-13416,-12973,-12978,-13350
581,-13672,-13181,-13152,-13575
582,-13977,-13382,-13352,-13856
583,-13605,-13491,-13556,-13680
584,-14105,-13681,-13727,-13977
585,-14479,-13875,-13823,-14328
586,-14221,-14009,-13961,-14253
587,-14023,-14068,-14167,-14092
588,-14237,-14111,-14244,-14193
589,-14713,-14296,-14202,-14557
590,-14517,-14365,-14243,-14529
591,-14689,-14400,-14413,-14641
592,-14688,-14477,-14555,-14673
593,-14623,-14577,-14618,-14638
594,-14771,-14666,-14654,-14731
595,-14683,-14661,-14670,-14697
596,-15392,-14807,-14708,-15183
597,-15399,-14926,-14819,-15334
598,-14737,-14934,-15030,-14916
599,-15265,-15041,-15179,-15160
600,-15492,-15161,-15138,-15392
601,-15904,-15364,-15156,-15750
602,-16057,-15475,-15377,-15964
603,-15500,-15492,-15655,-15639
604,-15821,-15673,-15817,-15766
605,-15837,-15768,-15793,-15815
606,-15581,-15783,-15743,-15651
607,-16182,-15829,-15760,-16022
608,-15893,-15802,-15788,-15931
609,-16360,-15945,-15885,-16231
610,-16276,-16021,-16017,-16262
611,-16233,-16087,-16140,-16241
612,-16264,-16201,-16238,-16257
613,-16280,-16217,-16259,-16273
614,-15690,-16183,-16242,-15864
615,-15512,-16042,-16161,-15617
616,-15112,-15848,-15938,-15263
617,-15464,-15720,-15640,-15403
618,-15528,-15597,-15414,-15490
619,-15560,-15477,-15368,-15539
620,-15845,-15503,-15459,-15753
621,-15487,-15499,-15559,-15566
622,-15349,-15538,-15629,-15414
623,-15397,-15527,-15592,-15402
624,-15365,-15500,-15474,-15376
625,-16104,-15591,-15416,-15885
626,-15812,-15585,-15489,-15833
627,-15768,-15632,-15687,-15787
628,-15534,-15663,-15819,-15609
629,-15247,-15638,-15769,-15355
630,-15500,-15660,-15623,-15456
631,-15693,-15592,-15475,-15621
632,-15592,-15555,-15454,-15600
633,-15754,-15553,-15547,-15707
634,-15881,-15611,-15631,-15828
635,-15993,-15735,-15706,-15943
636,-16252,-15860,-15816,-16159
637,-16241,-15952,-15951,-16216
638,-16133,-16042,-16092,-16157
639,-16169,-16111,-16180,-16165
640,-16612,-16233,-16196,-16477
641,-16832,-16373,-16245,-16725
642,-16484,-16411,-16411,-16556
643,-16384,-16435,-16583,-16435
644,-16488,-16494,-16591,-16472
645,-16099,-16483,-16490,-16210
646,-16338,-16437,-16401,-16299
647,-16148,-16323,-16311,-16193
648,-16073,-16255,-16244,-16109
649,-16268,-16235,-16203,-16220
650,-16047,-16162,-16159,-16098
651,-15794,-16111,-16140,-15885
652,-15753,-16013,-16081,-15792
653,-15506,-15906,-15936,-15591
654,-15325,-15782,-15772,-15404
655,-15730,-15692,-15622,-15632
656,-15764,-15645,-15524,-15724
657,-15980,-15676,-15571,-15903
658,-15938,-15707,-15716,-15927
659,-15817,-15759,-15842,-15850
660,-15546,-15795,-15891,-15637
661,-15609,-15775,-15833,-15617
662,-15802,-15782,-15716,-15746
663,-15908,-15770,-15658,-15859
664,-16136,-15803,-15723,-16052
665,-16129,-15855,-15856,-16105
666,-15750,-15889,-15985,-15856
667,-15541,-15877,-16020,-15635
668,-15171,-15772,-15887,-15310
669,-15309,-15672,-15648,-15309
670,-15281,-15530,-15419,-15289
671,-15000,-15342,-15292,-15086
672,-14624,-15154,-15223,-14762
673,-14787,-15028,-15080,-14779
674,-15137,-15023,-14893,-15029
675,-14993,-14970,-14827,-15003
676,-15017,-14926,-14919,-15012
677,-14505,-14843,-14990,-14657
678,-14321,-14793,-14927,-14421
679,-13977,-14658,-14718,-14110
680,-14053,-14477,-14438,-14070
681,-14282,-14359,-14209,-14218
682,-14449,-14264,-14117,-14379
683,-14723,-14300,-14197,-14619
684,-14381,-14310,-14358,-14452
685,-14825,-14452,-14503,-14713
686,-15084,-14624,-14581,-14972
687,-14845,-14717,-14687,-14883
688,-15169,-14837,-14855,-15083
689,-14967,-14878,-14955,-15001
690,-14362,-14875,-14987,-14553
691,-14600,-14837,-14922,-14585
692,-14397,-14723,-14721,-14453
693,-14639,-14689,-14556,-14583
694,-14360,-14554,-14505,-14426
695,-14017,-14395,-14488,-14139
696,-14112,-14354,-14407,-14120
697,-14176,-14283,-14244,-14159
698,-13811,-14185,-14127,-13915
699,-13706,-14030,-14071,-13768
700,-13561,-13897,-13957,-13623
701,-13737,-13850,-13795,-13702
702,-13988,-13829,-13695,-13902
703,-13741,-13757,-13708,-13789
704,-14001,-13789,-13799,-13937
705,-13609,-13772,-13850,-13707
706,-13270,-13724,-13829,-13401
707,-13094,-13617,-13704,-13186
708,-12767,-13413,-13458,-12892
709,-13129,-13311,-13201,-13057
710,-13169,-13173,-13027,-13135
711,-12985,-13069,-13006,-13030
712,-13221,-13060,-13070,-13163
713,-13144,-13069,-13096,-13149
714,-13338,-13164,-13122,-13281
715,-13228,-13180,-13174,-13243
716,-13523,-13239,-13234,-13439
717,-13381,-13305,-13295,-13398
718,-13480,-13349,-13365,-13455
719,-13689,-13439,-13425,-13618
720,-13961,-13543,-13486,-13858
721,-13899,-13655,-13613,-13886
722,-14008,-13736,-13776,-13971
723,-13753,-13798,-13888,-13818
724,-13876,-13864,-13915,-13858
725,-14362,-13976,-13895,-14210
726,-14396,-14049,-13934,-14340
727,-14648,-14173,-14114,-14555
728,-14528,-14260,-14331,-14536
729,-14136,-14324,-14471,-14256
730,-14220,-14381,-14480,-14230
731,-13703,-14271,-14343,-13861
732,-14022,-14209,-14166,-13973
733,-14598,-14201,-14024,-14410
734,-14236,-14152,-14030,-14288
735,-14365,-14190,-14211,-14341
736,-14271,-14199,-14329,-14292
737,-14393,-14314,-14331,-14362
738,-15003,-14477,-14340,-14810
739,-15038,-14551,-14444,-14969
740,-15041,-14685,-14684,-15019
741,-14899,-14774,-14910,-14935
742,-14240,-14769,-14973,-14448
743,-15096,-14886,-14878,-14901
744,-14369,-14780,-14714,-14528
745,-14616,-14710,-14664,-14589
746,-14909,-14688,-14653,-14813
747,-14499,-14621,-14625,-14593
748,-14177,-14611,-14661,-14301
749,-14593,-14527,-14603,-14505
750,-14704,-14583,-14468,-14644
751,-14893,-14629,-14470,-14818
752,-14789,-14609,-14612,-14797
753,-14901,-14676,-14751,-14869
754,-15508,-14898,-14838,-15316
755,-15541,-15056,-14957,-15473
756,-16205,-15306,-15208,-15985
757,-16125,-15511,-15525,-16083
758,-16180,-15743,-15836,-16150
759,-16575,-16022,-16070,-16447
760,-16429,-16175,-16207,-16434
761,-16135,-16274,-16335,-16224
762,-15856,-16216,-16375,-15966
763,-15734,-16151,-16243,-15803
764,-16284,-16168,-16039,-16139
765,-16465,-16150,-15941,-16367
766,-16523,-16166,-16065,-16476
767,-16384,-16207,-16289,-16411
768,-16053,-16240,-16413,-16160
769,-16187,-16316,-16384,-16178
770,-16192,-16300,-16260,-16187
771,-16553,-16315,-16185,-16443
772,-16489,-16309,-16231,-16475
773,-16293,-16294,-16349,-16347
774,-16254,-16328,-16424,-16281
775,-16104,-16314,-16379,-16157
776,-15832,-16254,-16272,-15929
777,-16121,-16182,-16151,-16063
778,-15917,-16086,-16035,-15960
779,-15897,-16020,-15988,-15915
780,-16064,-15989,-15976,-16019
781,-15648,-15913,-15947,-15759
782,-15585,-15872,-15915,-15637
783,-15322,-15738,-15808,-15416
784,-14936,-15575,-15624,-15080
785,-15045,-15433,-15411,-15055
786,-15034,-15261,-15189,-15040
787,-14979,-15150,-15056,-14997
788,-15088,-15067,-15022,-15060
789,-14816,-14983,-15013,-14889
790,-14955,-14986,-14998,-14935
791,-15316,-15031,-14965,-15201
792,-15188,-15057,-14981,-15191
793,-15385,-15124,-15100,-15326
794,-15372,-15172,-15218,-15358
795,-15273,-15248,-15290,-15298
796,-15482,-15336,-15334,-15426
797,-15121,-15303,-15342,-15212
798,-15225,-15309,-15334,-15221
799,-15224,-15282,-15283,-15223
800,-14993,-15219,-15218,-15062
801,-15061,-15184,-15177,-15061
802,-14691,-15052,-15106,-14802
803,-14645,-14973,-14999,-14692
804,-14821,-14905,-14864,-14782
805,-14648,-14809,-14750,-14688
806,-14812,-14779,-14724,-14774
807,-14689,-14717,-14727,-14714
808,-14677,-14715,-14730,-14688
809,-15153,-14800,-14736,-15013
810,-14852,-14805,-14767,-14900
811,-15283,-14911,-14878,-15168
812,-15316,-14995,-14994,-15271
813,-14913,-15032,-15096,-15020
814,-14972,-15081,-15167,-14986
815,-14336,-14945,-15088,-14531
816,-15198,-15003,-14923,-14997
817,-15145,-14980,-14795,-15100
818,-14395,-14826,-14840,-14606
819,8116,-10988,-14322,1299
820,-20897,-11975,-11761,-14238
821,-14264,-11963,-7930,-14256
822,-13654,-11706,-9042,-13834
823,-14448,-11590,-13250,-14263
824,-15049,-11699,-14447,-14813
825,-16474,-15797,-14463,-15975
826,-17372,-15210,-14890,-16952
827,-15603,-15433,-15739,-16007
828,-14212,-15526,-16335,-14750
829,-13844,-15425,-16055,-14115
830,-13944,-15241,-15118,-13995
831,-13310,-14714,-14305,-13515
832,-13617,-14088,-13891,-13586
833,-14673,-13933,-13697,-14346
834,-13949,-13889,-13721,-14068
835,-14179,-13945,-13993,-14145
836,-14273,-14000,-14165,-14234
837,-13944,-14105,-14162,-14031
838,-14353,-14228,-14160,-14256
839,-14085,-14130,-14145,-14136
840,-14117,-14158,-14153,-14122
841,-14953,-14287,-14183,-14703
842,-15093,-14424,-14275,-14976
843,-14820,-14570,-14549,-14866
844,-14226,-14549,-14818,-14418
845,-14217,-14571,-14808,-14277
846,-15005,-14719,-14581,-14786
847,-15338,-14783,-14465,-15172
848,-15728,-14889,-14691,-15561
849,-16060,-15095,-15111,-15910
850,-15892,-15373,-15505,-15897
851,-15988,-15668,-15791,-15960
852,-15728,-15789,-15916,-15797
853,-15029,-15737,-15894,-15259
854,-15359,-15676,-15734,-15329
855,-15216,-15535,-15467,-15249
856,-15883,-15533,-15309,-15692
857,-15467,-15447,-15349,-15534
858,-15074,-15338,-15481,-15212
859,-15352,-15391,-15506,-15310
860,-14162,-15192,-15334,-14506
861,-15489,-15237,-15123,-15194
862,-15852,-15232,-14949,-15654
863,-16202,-15355,-15083,-16037
864,-17085,-15690,-15560,-16770
865,-16557,-15891,-16062,-16620
866,-16130,-16219,-16473,-16277
867,-15900,-16287,-16585,-16013
868,-15795,-16278,-16363,-15860
869,-15928,-16232,-16084,-15907
870,-15449,-15959,-15904,-15586
871,-15841,-15840,-15812,-15764
872,-16156,-15844,-15740,-16038
873,-16589,-15959,-15781,-16423
874,-16265,-16038,-16006,-16312
875,-15360,-15943,-16228,-15645
876,-16337,-16091,-16218,-16129
877,-15947,-16109,-16005,-16001
878,-15897,-16065,-15938,-15928
879,-15827,-15938,-15989,-15857
880,-15452,-15803,-15936,-15573
881,-15924,-15897,-15828,-15818
882,-15760,-15801,-15725,-15777
883,-15832,-15782,-15724,-15815
884,-16087,-15813,-15789,-16005
885,-15922,-15829,-15846,-15946
886,-15892,-15902,-15921,-15908
887,-15889,-15897,-15952,-15894
888,-16019,-15940,-15927,-15981
889,-15518,-15887,-15905,-15656
890,-16091,-15888,-15883,-15960
891,-15560,-15828,-15825,-15680
892,-15513,-15765,-15792,-15563
893,-16632,-15888,-15762,-16311
894,-15528,-15807,-15764,-15762
895,-16136,-15910,-15923,-16023
896,-16921,-16048,-16014,-16651
897,-16097,-16137,-16092,-16263
898,-16094,-16234,-16315,-16144
899,-16373,-16191,-16366,-16304
900,-15336,-16159,-16227,-15626
901,-15273,-16015,-16077,-15378
902,-15709,-15813,-15805,-15609
903,-15603,-15731,-15537,-15604
904,-15969,-15710,-15518,-15859
905,-15959,-15641,-15642,-15929
906,-15168,-15613,-15768,-15396
907,-16224,-15772,-15799,-15975
908,-17257,-16030,-15755,-16872
909,-16531,-16184,-15979,-16633
910,-16012,-16191,-16448,-16198
911,-15596,-16131,-16593,-15776
912,-15440,-16176,-16289,-15540
913,-15801,-16106,-15891,-15722
914,-15795,-15862,-15659,-15773
915,-15572,-15702,-15649,-15632
916,-15679,-15647,-15704,-15664
917,-15882,-15694,-15696,-15816
918,-15869,-15766,-15694,-15853
919,-16384,-15863,-15776,-16224
920,-16052,-15906,-15912,-16103
921,-16263,-16021,-16070,-16215
922,-15837,-16047,-16153,-15950
923,-16112,-16086,-16132,-16063
924,-16458,-16184,-16076,-16339
925,-16187,-16151,-16087,-16232
926,-16036,-16148,-16199,-16094
927,-16012,-16107,-16229,-16036
928,-15862,-16111,-16136,-15914
929,-15785,-16056,-16026,-15823
930,-16461,-16057,-15947,-16269
931,-16586,-16123,-15961,-16490
932,-16060,-16127,-16143,-16189
933,-15901,-16109,-16317,-15987
934,-15841,-16105,-16253,-15884
935,-16160,-16168,-16060,-16077
936,-16101,-16108,-15960,-16093
937,-16185,-16041,-16004,-16157
938,-15829,-16002,-16079,-15927
939,-15445,-15926,-16072,-15589
940,-15724,-15907,-15936,-15683
941,-17488,-16128,-15784,-16946
942,-17907,-16429,-15960,-17618
943,-16069,-16410,-16588,-16533
944,-16200,-16472,-17089,-16299
945,-16157,-16590,-16890,-16199
946,-16041,-16643,-16417,-16088
947,-15893,-16377,-16178,-15951
948,-16176,-16089,-16083,-16108
949,-15873,-16056,-16024,-15943
950,-16368,-16084,-16022,-16240
951,-16041,-16065,-16052,-16100
952,-15942,-16048,-16103,-15989
953,-16014,-16069,-16113,-16006
954,-15939,-16029,-16040,-15959
955,-15996,-16050,-15990,-15984
956,-16269,-16033,-15981,-16183
957,-16036,-16032,-16014,-16080
958,-16349,-16100,-16092,-16268
959,-16088,-16112,-16148,-16142
960,-15958,-16116,-16174,-16013
961,-16316,-16169,-16157,-16225
962,-16000,-16124,-16107,-16067
963,-16086,-16132,-16112,-16080
964,-16217,-16110,-16117,-16175
965,-16072,-16108,-16102,-16102
966,-16146,-16139,-16121,-16132
967,-16249,-16128,-16132,-16213
968,-16008,-16129,-16137,-16069
969,-16237,-16154,-16153,-16186
970,-15929,-16106,-16137,-16006
971,-16113,-16113,-16111,-16080
972,-16128,-16110,-16078,-16113
973,-15963,-16063,-16061,-16008
974,-16184,-16092,-16074,-16131
975,-16177,-16082,-16072,-16163
976,-15865,-16071,-16087,-15954
977,-16171,-16081,-16100,-16105
978,-16025,-16064,-16061,-16049
979,-16189,-16101,-16047,-16147
980,-16321,-16124,-16083,-16268
981,-15900,-16078,-16131,-16010
982,-16165,-16128,-16164,-16118
983,-15939,-16089,-16120,-15992
984,-16048,-16093,-16062,-16031
985,-15990,-16060,-16032,-16002
986,-15946,-15998,-16010,-15962
987,-16194,-16047,-16003,-16124
988,-16155,-16045,-16012,-16145
989,-16157,-16081,-16069,-16153
990,-16266,-16118,-16136,-16232
991,-16009,-16121,-16164,-16075
992,-15889,-16111,-16163,-15944
993,-16208,-16114,-16105,-16128
994,-16064,-16098,-16036,-16083
995,-16212,-16108,-16051,-16173
996,-16185,-16094,-16106,-16181
997,-16368,-16154,-16151,-16311
998,-16290,-16221,-16203,-16296
999,-16064,-16197,-16256,-16133
1000,-16208,-16221,-16261,-16185
