7,-16376,-16143,-16073,-16307
8,-16394,-16174,-16160,-16367
9,-15856,-16151,-16249,-16009
10,-16044,-16163,-16261,-16033
11,-15833,-16111,-16138,-15893
12,-16172,-16112,-16010,-16088
13,-15985,-16047,-15970,-16015
14,-16345,-16039,-16007,-16246
15,-16393,-16128,-16085,-16348
16,-15642,-16061,-16172,-15853
17,-16166,-16117,-16198,-16072
18,-15740,-16045,-16074,-15839
19,-16913,-16199,-15985,-16590
20,-15601,-16075,-16042,-15897
21,-16309,-16061,-16179,-16185
22,-16101,-16138,-16182,-16126
23,-15958,-16103,-16102,-16008
24,-16100,-16163,-16099,-16072
25,-16179,-16041,-16069,-16146
26,-16160,-16134,-16068,-16155
27,-16024,-16087,-16111,-16063
28,-16029,-16075,-16128,-16039
29,-16140,-16105,-16095,-16109
30,-16104,-16106,-16065,-16105
31,-16336,-16132,-16085,-16266
32,-16424,-16176,-16143,-16376
33,-15869,-16150,-16220,-16021
34,-16019,-16148,-16250,-16019
35,-15848,-16100,-16143,-15899
36,-16282,-16129,-16013,-16167
37,-16160,-16100,-15988,-16162
38,-15952,-16021,-16060,-16015
39,-16256,-16086,-16123,-16183
40,-16045,-16090,-16106,-16086
41,-16083,-16129,-16104,-16083
42,-16025,-16086,-16107,-16042
43,-16151,-16085,-16082,-16118
44,-16161,-16120,-16072,-16148
45,-15943,-16068,-16088,-16004
46,-16080,-16073,-16100,-16057
47,-16225,-16097,-16072,-16174
48,-16048,-16101,-16064,-16085
49,-16228,-16114,-16107,-16185
50,-15891,-16069,-16127,-15979
51,-15980,-16075,-16106,-15979
52,-16200,-16095,-16052,-16133
53,-16088,-16072,-16018,-16101
54,-16130,-16086,-16063,-16121
55,-16075,-16060,-16108,-16088
56,-15993,-16077,-16107,-16021
57,-16289,-16129,-16090,-16208
58,-16038,-16102,-16082,-16089
59,-16028,-16092,-16111,-16046
60,-15996,-16069,-16111,-16011
61,-16076,-16070,-16061,-16056
62,-16008,-16072,-16029,-16022
63,-15874,-16003,-16024,-15918
64,-16162,-16024,-16012,-16088
65,-16082,-16033,-15993,-16083
66,-16061,-16043,-16026,-16067
67,-16144,-16055,-16073,-16120
68,-16121,-16074,-16087,-16120
69,-16200,-16128,-16103,-16176
70,-16282,-16148,-16131,-16250
71,-16193,-16166,-16171,-16210
72,-16050,-16165,-16208,-16098
73,-16092,-16156,-16196,-16093
74,-16177,-16165,-16140,-16151
75,-16033,-16137,-16105,-16068
76,-16141,-16114,-16108,-16119
77,-16213,-16117,-16106,-16184
78,-16080,-16122,-16113,-16111
79,-16091,-16122,-16138,-16097
80,-16002,-16093,-16128,-16030
81,-16149,-16112,-16092,-16113
82,-16088,-16103,-16068,-16095
83,-16008,-16069,-16075,-16034
84,-16136,-16079,-16083,-16105
85,-15994,-16062,-16069,-16027
86,-16017,-16065,-16061,-16020
87,-16185,-16071,-16051,-16135
88,-16270,-16101,-16053,-16229
89,-16040,-16107,-16106,-16096
90,-16339,-16140,-16166,-16266
91,-16216,-16177,-16179,-16231
92,-16202,-16208,-16201,-16210
93,-16273,-16223,-16230,-16254
94,-15874,-16157,-16220,-15988
95,-15928,-16138,-16175,-15946
96,-16188,-16113,-16075,-16115
97,-15908,-16062,-15998,-15970
98,-16145,-16052,-16017,-16092
99,-16204,-16041,-16041,-16170
100,-16129,-16083,-16070,-16141
101,-16119,-16115,-16127,-16125
102,-16208,-16118,-16147,-16183
103,-16328,-16188,-16151,-16284
104,-15867,-16142,-16172,-15992
105,-16082,-16122,-16178,-16055
106,-16040,-16107,-16107,-16044
107,-15800,-16054,-16032,-15873
108,-16010,-16021,-15999,-15968
109,-16304,-16017,-15960,-16203
110,-16320,-16092,-15991,-16284
111,-16019,-16082,-16118,-16098
112,-16189,-16107,-16209,-16161
113,-16178,-16170,-16184,-16172
114,-16123,-16188,-16147,-16137
115,-16164,-16165,-16151,-16155
116,-15813,-16081,-16142,-15915
117,-15832,-16049,-16092,-15856
118,-16225,-16055,-15995,-16114
119,-16242,-16066,-15943,-16203
120,-16307,-16097,-16036,-16275
121,-15724,-16023,-16161,-15889
122,-16241,-16095,-16174,-16135
123,-16445,-16197,-16093,-16352
124,-15915,-16145,-16095,-16046
125,-15931,-16093,-16181,-15965
126,-15915,-16028,-16132,-15930
127,-16400,-16141,-16013,-16259
128,-16002,-16101,-16003,-16079
129,-16040,-16033,-16092,-16051
130,-16473,-16126,-16135,-16346
131,-15666,-16082,-16123,-15870
132,-16176,-16126,-16137,-16084
133,-16072,-16071,-16076,-16075
134,-16324,-16125,-16031,-16249
135,-16601,-16218,-16107,-16495
136,-15952,-16131,-16228,-16114
137,-16443,-16261,-16326,-16344
138,-15480,-16145,-16277,-15739
139,-15729,-16088,-16141,-15732
140,-16489,-16115,-15956,-16261
141,-16437,-16088,-15875,-16384
142,-16552,-16188,-16084,-16501
143,-16424,-16185,-16342,-16447
144,-16680,-16385,-16466,-16610
145,-16397,-16496,-16502,-16460
146,-15661,-16358,-16500,-15900
147,-16824,-16423,-16404,-16546
148,-16576,-16427,-16253,-16567
149,-16258,-16399,-16320,-16350
150,-16016,-16288,-16463,-16116
151,-16381,-16286,-16394,-16301
152,-16260,-16385,-16251,-16272
153,-15830,-16220,-16212,-15962
154,-16020,-16127,-16197,-16002
155,-15911,-16069,-16081,-15938
156,-16024,-16071,-15982,-15998
157,-16080,-16020,-15963,-16055
158,-16201,-16011,-15989,-16157
159,-16100,-16056,-16051,-16117
160,-16096,-16068,-16109,-16102
161,-16385,-16147,-16133,-16300
162,-15570,-16072,-16136,-15789
163,-15316,-15944,-16098,-15457
164,-15674,-15856,-15893,-15608
165,-15418,-15743,-15622,-15475
166,-15919,-15713,-15527,-15785
167,-15612,-15584,-15566,-15663
168,-15535,-15579,-15646,-15573
169,-15472,-15605,-15671,-15502
170,-15232,-15531,-15592,-15313
171,-15417,-15531,-15487,-15385
172,-15321,-15431,-15390,-15340
173,-15128,-15350,-15342,-15191
174,-14396,-15161,-15291,-14634
175,-14906,-15066,-15125,-14824
176,-15376,-15090,-14892,-15210
177,-14757,-14980,-14838,-14892
178,-15004,-14927,-14976,-14970
179,-15112,-14925,-15016,-15069
180,-14824,-14996,-14979,-14897
181,-14881,-14992,-14982,-14885
182,-14701,-14879,-14945,-14756
183,-14631,-14858,-14863,-14668
184,-14384,-14755,-14766,-14469
185,-14199,-14603,-14644,-14280
186,-14553,-14558,-14499,-14471
187,-14321,-14464,-14385,-14366
188,-14211,-14383,-14369,-14257
189,-14197,-14310,-14360,-14215
190,-13786,-14211,-14278,-13914
191,-13461,-14088,-14149,-13596
192,-16248,-14370,-14014,-15452
193,-14362,-14377,-14105,-14689
194,-14296,-14391,-14599,-14413
195,-14043,-14366,-14827,-14154
196,-14621,-14505,-14539,-14480
197,-14306,-14646,-14314,-14358
198,-14372,-14333,-14322,-14367
199,-14084,-14287,-14375,-14168
200,-14169,-14265,-14328,-14168
201,-13615,-14194,-14221,-13780
202,-13488,-14005,-14074,-13575
203,-13307,-13839,-13857,-13387
204,-13925,-13764,-13624,-13763
205,-13500,-13667,-13522,-13578
206,-13075,-13485,-13565,-13225
207,-13279,-13429,-13546,-13262
208,-12961,-13341,-13365,-13051
209,-13333,-13345,-13213,-13248
210,-13217,-13227,-13154,-13226
211,-12865,-13121,-13163,-12973
212,-13261,-13152,-13171,-13174
213,-12768,-13067,-13102,-12889
214,-13236,-13113,-13051,-13131
215,-13081,-13071,-13029,-13096
216,-12888,-13016,-13040,-12950
217,-12882,-13019,-13058,-12902
218,-13098,-12992,-12999,-13039
219,-12579,-12960,-12940,-12717
220,-12807,-12889,-12912,-12780
221,-12878,-12855,-12839,-12848
222,-12452,-12782,-12773,-12570
223,-12284,-12683,-12740,-12369
224,-12433,-12572,-12620,-12413
225,-11927,-12463,-12445,-12072
226,-12505,-12413,-12325,-12375
227,-12337,-12323,-12247,-12348
228,-11875,-12226,-12253,-12016
229,-12651,-12288,-12278,-12460
230,-11576,-12145,-12216,-11841
231,-11932,-12146,-12173,-11904
232,-12081,-12075,-12056,-12027
233,-11458,-11928,-11918,-11628
234,-12305,-12000,-11890,-12101
235,-11299,-11775,-11847,-11539
236,-11314,-11731,-11811,-11381
237,-11488,-11657,-11680,-11455
238,-11616,-11580,-11481,-11567
239,-11691,-11618,-11445,-11653
240,-11398,-11467,-11524,-11474
241,-11401,-11484,-11576,-11422
242,-11149,-11457,-11520,-11230
243,-11339,-11432,-11406,-11306
244,-11139,-11352,-11306,-11189
245,-10872,-11216,-11243,-10967
246,-10737,-11106,-11163,-10806
247,-10283,-10919,-10997,-10439
248,-10465,-10805,-10781,-10457
249,-10513,-10668,-10569,-10496
250,-9909,-10463,-10443,-10085
251,-9813,-10286,-10364,-9894
252,-9864,-10141,-10180,-9873
253,-9981,-10090,-9969,-9948
254,-10301,-10063,-9895,-10195
255,-10349,-10036,-9968,-10302
256,-10615,-10153,-10133,-10521
257,-10588,-10283,-10310,-10567
258,-10495,-10388,-10456,-10516
259,-10197,-10424,-10529,-10292
260,-10237,-10413,-10487,-10253
261,-10046,-10363,-10361,-10108
262,-10001,-10260,-10233,-10033
263,-10421,-10232,-10144,-10304
264,-10100,-10167,-10114,-10161
265,-10321,-10187,-10174,-10273
266,-10108,-10166,-10221,-10157
267,-10025,-10162,-10213,-10064
268,-10040,-10169,-10170,-10047
269,-9784,-10063,-10089,-9862
270,-9888,-10027,-10010,-9880
271,-10024,-9978,-9930,-9980
272,-10019,-9963,-9898,-10007
273,-9952,-9951,-9939,-9968
274,-9833,-9916,-9979,-9873
275,-10042,-9959,-9967,-9991
276,-10059,-9988,-9936,-10038
277,-10076,-9996,-9960,-10064
278,-10261,-10037,-10022,-10201
279,-10362,-10105,-10089,-10313
280,-10808,-10268,-10191,-10659
281,-10529,-10349,-10343,-10568
282,-10373,-10401,-10510,-10431
283,-10468,-10466,-10565,-10456
284,-10457,-10499,-10499,-10456
285,-10562,-10532,-10452,-10530
286,-10552,-10490,-10464,-10545
287,-10650,-10510,-10507,-10618
288,-10875,-10594,-10560,-10797
289,-10599,-10615,-10626,-10658
290,-10770,-10668,-10702,-10736
291,-10770,-10702,-10723,-10759
292,-10850,-10752,-10724,-10822
293,-10881,-10790,-10761,-10863
294,-10732,-10767,-10804,-10771
295,-11418,-10903,-10843,-11223
296,-11245,-10982,-10906,-11238
297,-11434,-11093,-11071,-11375
298,-11195,-11150,-11243,-11249
299,-11449,-11245,-11314,-11389
300,-11489,-11371,-11328,-11459
301,-11699,-11418,-11366,-11627
302,-11288,-11425,-11453,-11389
303,-12227,-11557,-11532,-11975
304,-11717,-11644,-11598,-11794
305,-12054,-11745,-11742,-11976
306,-12048,-11838,-11878,-12026
307,-12574,-11984,-11955,-12409
308,-12777,-12232,-12099,-12666
309,-12675,-12307,-12332,-12672
310,-12768,-12482,-12571,-12739
311,-12944,-12631,-12696,-12882
312,-12727,-12744,-12754,-12773
313,-12874,-12794,-12808,-12843
314,-13541,-12921,-12842,-13331
315,-13290,-13024,-12934,-13302
316,-13069,-13074,-13139,-13138
317,-13225,-13121,-13264,-13198
318,-13609,-13268,-13237,-13485
319,-13760,-13415,-13257,-13677
320,-13960,-13485,-13425,-13875
321,-14091,-13619,-13652,-14026
322,-13928,-13762,-13840,-13957
323,-14098,-13907,-13963,-14055
324,-14178,-14002,-14010,-14141
325,-14200,-14075,-14048,-14182
326,-14701,-14199,-14129,-14545
327,-14353,-14243,-14242,-14410
328,-15452,-14497,-14413,-15139
329,-13853,-14456,-14581,-14238
330,-14156,-14452,-14685,-14180
331,-14704,-14536,-14541,-14546
332,-14572,-14515,-14327,-14564
333,-14464,-14533,-14393,-14494
334,-14531,-14380,-14518,-14519
335,-14582,-14501,-14533,-14563
336,-14833,-14614,-14531,-14752
337,-14760,-14623,-14586,-14757
338,-14929,-14683,-14686,-14877
339,-14612,-14707,-14769,-14691
340,-14917,-14772,-14801,-14849
341,-15003,-14842,-14794,-14956
342,-14939,-14860,-14822,-14944
343,-15168,-14928,-14909,-15100
344,-14857,-14916,-14976,-14929
345,-14876,-14960,-15007,-14891
346,-15124,-14994,-14983,-15054
347,-15224,-15031,-14953,-15173
348,-15224,-15078,-15018,-15208
349,-15149,-15075,-15127,-15166
350,-15759,-15226,-15202,-15581
351,-15221,-15283,-15269,-15329
352,-15331,-15318,-15376,-15330
353,-15445,-15354,-15409,-15410
354,-15371,-15379,-15364,-15382
355,-15733,-15476,-15378,-15627
356,-15476,-15429,-15437,-15521
357,-15433,-15464,-15515,-15459
358,-15843,-15550,-15547,-15727
359,-16123,-15663,-15560,-16004
360,-16097,-15784,-15695,-16069
361,-15724,-15782,-15899,-15827
362,-15906,-15854,-15991,-15882
363,-15480,-15862,-15923,-15600
364,-15646,-15829,-15808,-15632
365,-15499,-15725,-15694,-15538
366,-15609,-15644,-15605,-15587
367,-15993,-15688,-15581,-15871
368,-16264,-15748,-15643,-16146
369,-16113,-15854,-15826,-16122
370,-16016,-15915,-16031,-16047
371,-15901,-15982,-16112,-15944
372,-15981,-16044,-16063,-15969
373,-15832,-16017,-15984,-15873
374,-15975,-15969,-15939,-15944
375,-16013,-15953,-15918,-15992
376,-15796,-15916,-15924,-15854
377,-16313,-15985,-15948,-16175
378,-16145,-16012,-15972,-16154
379,-16051,-16048,-16055,-16081
380,-15772,-16015,-16122,-15864
381,-15887,-15994,-16065,-15880
382,-15852,-16003,-15947,-15860
383,-15736,-15907,-15867,-15773
384,-16525,-15970,-15855,-16299
385,-16340,-16018,-15921,-16327
386,-16169,-16084,-16112,-16216
387,-15837,-16076,-16263,-15950
388,-15912,-16086,-16208,-15923
389,-16050,-16138,-16049,-16011
390,-15660,-15994,-15945,-15765
391,-12727,-15392,-15832,-13638
392,-20856,-16173,-15553,-18690
393,-20837,-17007,-15610,-20192
394,-15253,-16897,-17138,-16734
395,-16761,-17015,-18673,-16752
396,-15584,-17003,-18050,-15934
397,-15458,-17458,-16737,-15600
398,-16339,-16705,-16069,-16117
399,-16184,-15929,-15818,-16163
400,-16032,-16059,-15918,-16071
401,-16433,-16005,-16099,-16324
402,-15756,-16033,-16156,-15926
403,-16235,-16163,-16158,-16142
404,-15915,-16092,-16101,-15983
405,-15707,-16013,-16036,-15789
406,-15713,-15959,-15974,-15735
407,-16075,-15900,-15860,-15973
408,-19033,-16446,-15890,-18115
409,-14726,-16194,-16276,-15742
410,-16705,-16326,-16824,-16416
411,-16608,-16476,-16701,-16550
412,-16341,-16581,-16331,-16403
413,-16296,-16618,-16392,-16328
414,-16104,-16130,-16424,-16171
415,-15948,-16333,-16328,-16014
416,-16026,-16220,-16188,-16022
417,-16289,-16167,-16077,-16208
418,-16302,-16160,-16060,-16273
419,-16128,-16132,-16143,-16171
420,-16308,-16166,-16222,-16266
421,-16066,-16186,-16228,-16126
422,-16038,-16188,-16204,-16064
423,-16261,-16183,-16160,-16201
424,-16096,-16149,-16117,-16127
425,-16322,-16181,-16136,-16263
426,-16097,-16146,-16171,-16146
427,-16355,-16194,-16196,-16292
428,-16293,-16237,-16214,-16292
429,-16341,-16250,-16245,-16326
430,-16529,-16322,-16296,-16468
431,-16088,-16283,-16337,-16202
432,-16420,-16337,-16361,-16354
433,-16313,-16330,-16325,-16325
434,-17103,-16465,-16322,-16869
435,-16845,-16549,-16444,-16852
436,-17375,-16690,-16685,-17218
437,-17456,-16918,-16933,-17384
438,-17362,-17075,-17140,-17368
439,-18016,-17359,-17332,-17821
440,-17808,-17477,-17483,-17811
441,-17665,-17613,-17662,-17708
442,-17742,-17674,-17780,-17731
443,-17240,-17638,-17751,-17387
444,-17570,-17673,-17655,-17515
445,-17202,-17537,-17524,-17295
446,-17013,-17405,-17417,-17097
447,-16473,-17206,-17295,-16660
448,-16808,-17051,-17076,-16763
449,-15876,-16823,-16813,-16142
450,-15668,-16506,-16572,-15810
451,-16021,-16309,-16272,-15957
452,-15285,-16021,-15955,-15486
453,-15019,-15779,-15771,-15159
454,-14572,-15406,-15541,-14748
455,-14319,-15147,-15181,-14447
456,-14425,-14940,-14815,-14431
457,-14544,-14694,-14544,-14510
458,-14685,-14594,-14446,-14632
459,-15045,-14598,-14503,-14921
460,-15420,-14739,-14659,-15270
461,-16058,-15029,-14914,-15821
462,-16092,-15307,-15273,-16010
463,-16284,-15597,-15673,-16201
464,-16264,-15860,-15987,-16245
465,-16320,-16073,-16162,-16297
466,-16288,-16217,-16246,-16290
467,-16562,-16301,-16289,-16480
468,-17332,-16508,-16358,-17076
469,-16921,-16614,-16543,-16967
470,-16324,-16624,-16814,-16516
471,-15784,-16535,-16874,-16003
472,-14912,-16305,-16555,-15239
473,-15138,-16068,-16022,-15168
474,-14996,-15679,-15484,-15047
475,-15157,-15385,-15162,-15124
476,-15132,-15186,-15076,-15129
477,-14461,-14966,-15069,-14661
478,-14661,-14924,-15011,-14661
479,-14489,-14816,-14821,-14540
480,-14607,-14751,-14645,-14586
481,-14411,-14626,-14571,-14463
482,-14393,-14503,-14534,-14414
483,-14759,-14553,-14498,-14655
484,-15558,-14702,-14511,-15287
485,-15475,-14867,-14712,-15418
486,-15090,-14947,-15072,-15188
487,-15048,-15053,-15305,-15090
488,-14849,-15129,-15260,-14921
489,-14660,-15113,-15095,-14738
490,-14372,-14915,-14924,-14481
491,-14369,-14731,-14739,-14402
492,-14256,-14592,-14547,-14299
493,-13953,-14409,-14394,-14056
494,-13508,-14186,-14256,-13672
495,-13224,-13947,-14038,-13358
496,-12300,-13601,-13708,-12617
497,-12155,-13232,-13287,-12293
498,-12091,-12871,-12792,-12151
499,-12356,-12605,-12382,-12294
500,-13664,-12631,-12248,-13253
501,-14621,-12864,-12477,-14210
502,-14900,-13297,-13131,-14693
503,-14555,-13697,-13953,-14596
504,-13889,-13997,-14488,-14101
505,-13108,-14122,-14522,-13405
506,-12796,-13978,-14130,-12978
507,-12585,-13638,-13558,-12702
508,-12075,-13168,-13049,-12263
509,-12077,-12755,-12675,-12132
510,-12008,-12441,-12370,-12045
511,-11550,-12181,-12140,-11698
512,-11028,-11887,-11962,-11229
513,-9608,-11391,-11662,-10094
514,-9025,-10882,-11112,-9345
515,-8992,-10368,-10317,-9097
516,-10948,-10191,-9611,-10392
517,-12464,-10344,-9508,-11842
518,-13400,-10739,-10266,-12932
519,-14509,-11556,-11563,-14035
520,-14560,-12478,-12811,-14402
521,-13144,-13170,-13727,-13521
522,-11852,-13321,-14050,-12352
523,-10317,-12963,-13555,-10927
524,-9610,-12332,-12455,-10005
525,-9393,-11479,-11210,-9576
526,-9900,-10702,-10229,-9802
527,-10283,-10225,-9751,-10138
528,-10953,-10076,-9780,-10708
529,-10937,-10179,-10120,-10868
530,-10089,-10259,-10512,-10322
531,-9309,-10245,-10658,-9612
532,-9581,-10192,-10371,-9590
533,-9561,-10071,-9883,-9569
534,-9900,-9896,-9600,-9800
535,-10012,-9742,-9602,-9948
536,-10965,-9888,-9767,-10659
537,-11891,-10318,-10079,-11521
538,-11963,-10715,-10613,-11830
539,-11561,-11048,-11264,-11641
540,-10597,-11164,-11651,-10910
541,-10309,-11214,-11553,-10489
542,-9717,-11006,-11076,-9948
543,-9872,-10669,-10526,-9894
544,-10028,-10347,-10113,-9987
545,-10513,-10172,-9936,-10355
546,-10763,-10200,-10026,-10640
547,-11003,-10316,-10286,-10894
548,-10619,-10466,-10579,-10701
549,-10161,-10514,-10750,-10323
550,-9478,-10422,-10668,-9731
551,-9216,-10206,-10324,-9370
552,-9461,-9989,-9865,-9433
553,-10213,-9858,-9531,-9979
554,-10136,-9777,-9520,-10088
555,-10476,-9830,-9796,-10359
556,-9903,-9900,-10081,-10039
557,-9418,-9934,-10187,-9604
558,-8396,-9757,-10024,-8758
559,-8175,-9417,-9567,-8349
560,-7997,-9060,-8959,-8102
561,-8597,-8747,-8452,-8448
562,-9130,-8618,-8261,-8925
563,-9317,-8602,-8422,-9199
564,-9513,-8788,-8802,-9418
565,-9350,-8984,-9144,-9370
566,-9517,-9237,-9343,-9472
567,-9344,-9361,-9415,-9382
568,-8997,-9339,-9414,-9112
569,-8856,-9262,-9343,-8932
570,-8837,-9150,-9168,-8865
571,-9220,-9128,-8992,-9113
572,-9517,-9128,-8948,-9395
573,-10205,-9272,-9101,-9962
574,-10557,-9532,-9426,-10378
575,-10149,-9747,-9847,-10217
576,-9008,-9776,-10157,-9370
577,-8411,-9641,-10067,-8698
578,-8883,-9535,-9547,-8827
579,-9361,-9394,-8999,-9200
580,-9497,-9218,-8856,-9407
581,-9520,-9113,-9079,-9486
582,-9423,-9182,-9336,-9441
583,-9977,-9443,-9469,-9816
584,-10072,-9641,-9556,-9995
585,-10219,-9784,-9732,-10151
586,-10496,-9951,-9963,-10392
587,-10605,-10132,-10159,-10541
588,-10409,-10296,-10341,-10448
589,-10780,-10430,-10474,-10680
590,-10717,-10537,-10538,-10705
591,-10349,-10559,-10602,-10455
592,-10348,-10534,-10627,-10380
593,-10553,-10526,-10535,-10501
594,-10966,-10618,-10453,-10826
595,-10747,-10613,-10520,-10770
596,-11041,-10667,-10693,-10959
597,-11205,-10810,-10832,-11131
598,-11364,-10979,-10948,-11294
599,-11491,-11135,-11106,-11431
600,-11511,-11226,-11268,-11487
601,-11215,-11304,-11390,-11296
602,-11071,-11309,-11419,-11138
603,-10829,-11246,-11323,-10921
604,-10433,-11091,-11138,-10579
605,-10452,-10918,-10912,-10490
606,-10212,-10702,-10670,-10295
607,-10705,-10617,-10485,-10582
608,-11192,-10637,-10431,-11009
609,-11705,-10783,-10590,-11496
610,-12464,-11121,-10975,-12173
611,-12764,-11507,-11486,-12586
612,-13155,-11997,-12043,-12984
613,-13189,-12411,-12537,-13127
614,-13387,-12777,-12898,-13309
615,-13936,-13149,-13143,-13747
616,-14025,-13409,-13364,-13941
617,-14660,-13725,-13658,-14444
618,-14784,-13996,-13990,-14682
619,-14809,-14266,-14332,-14770
620,-14093,-14384,-14596,-14296
621,-13813,-14364,-14629,-13957
622,-14304,-14410,-14407,-14199
623,-13659,-14243,-14134,-13821
624,-14100,-14129,-14026,-14016
625,-13868,-13972,-13972,-13912
626,-13857,-13933,-13931,-13873
627,-14080,-13978,-13928,-14017
628,-13981,-13924,-13922,-13991
629,-14226,-14018,-13964,-14155
630,-13893,-13984,-14023,-13971
631,-13733,-13961,-14051,-13804
632,-13832,-13957,-13994,-13823
633,-13481,-13857,-13866,-13583
634,-14024,-13864,-13771,-13891
635,-14133,-13849,-13735,-14060
636,-14304,-13917,-13828,-14230
637,-14644,-14069,-14032,-14519
638,-15034,-14270,-14249,-14879
639,-15632,-14628,-14520,-15406
640,-15821,-14928,-14879,-15696
641,-17025,-15410,-15319,-16626
642,-17915,-16011,-15838,-17528
643,-18821,-16708,-16545,-18433
644,-18992,-17367,-17417,-18824
645,-18952,-17921,-18213,-18913
646,-18993,-18449,-18724,-18969
647,-18160,-18638,-18901,-18402
648,-18401,-18719,-18838,-18401
649,-17769,-18544,-18592,-17958
650,-17729,-18334,-18310,-17797
651,-17477,-18088,-18050,-17573
652,-16741,-17712,-17783,-16990
653,-16631,-17458,-17498,-16738
654,-16147,-17082,-17118,-16324
655,-15969,-16782,-16727,-16075
656,-15389,-16392,-16379,-15594
657,-14465,-15890,-16017,-14803
658,-14308,-15484,-15561,-14456
659,-14265,-15090,-14999,-14322
660,-14512,-14818,-14553,-14455
661,-14669,-14601,-14379,-14604
662,-15122,-14556,-14434,-14966
663,-16081,-14826,-14648,-15746
664,-16135,-15130,-15021,-16018
665,-16873,-15565,-15547,-16616
666,-16400,-15880,-16043,-16464
667,-16681,-16215,-16396,-16615
668,-16324,-16415,-16545,-16411
669,-16784,-16532,-16549,-16672
670,-17145,-16701,-16552,-17003
671,-19488,-17137,-16724,-18742
672,-17072,-17249,-17222,-17573
673,-16401,-17202,-17820,-16752
674,-14651,-16923,-17718,-15281
675,-16281,-16839,-16826,-15981
676,-16243,-16689,-15970,-16164
677,-16205,-16142,-15766,-16192
678,-16125,-15984,-16024,-16145
679,-15404,-15818,-16151,-15626
680,-15424,-15947,-16050,-15484
681,-15576,-15829,-15784,-15548
682,-15659,-15732,-15561,-15625
683,-15185,-15562,-15514,-15317
684,-16821,-15678,-15554,-16369
685,-14538,-15533,-15615,-15087
686,-13138,-15152,-15660,-13722
687,-15763,-15184,-15252,-15150
688,-16520,-15327,-14631,-16109
689,-16953,-15622,-14880,-16699
690,-16279,-15531,-15790,-16405
691,-15512,-15694,-16405,-15779
692,-15496,-16087,-16394,-15580
693,-17104,-16310,-16034,-16646
694,-15849,-16198,-15883,-16088
695,-16507,-16124,-16127,-16381
696,-16563,-16171,-16318,-16508
697,-16112,-16271,-16341,-16230
698,-16026,-16360,-16378,-16087
699,-16078,-16189,-16295,-16080
700,-15938,-16204,-16144,-15980
701,-15991,-16118,-16054,-15987
702,-16132,-16046,-16010,-16088
703,-16065,-16038,-16005,-16071
704,-16168,-16062,-16045,-16138
705,-16026,-16053,-16084,-16059
706,-16273,-16109,-16104,-16208
707,-16380,-16174,-16123,-16328
708,-16303,-16202,-16184,-16310
709,-16185,-16222,-16270,-16222
710,-15964,-16188,-16289,-16041
711,-14928,-16005,-16187,-15261
712,-17231,-16165,-15981,-16640
713,-16992,-16267,-15860,-16886
714,-15944,-16207,-16187,-16226
715,-16518,-16262,-16593,-16430
716,-16644,-16376,-16543,-16579
717,-16449,-16629,-16425,-16488
718,-16101,-16441,-16470,-16217
719,-15737,-16232,-16440,-15881
720,-15468,-16152,-16235,-15591
721,-16609,-16168,-15965,-16303
722,-16152,-16086,-15848,-16197
723,-16328,-16065,-16020,-16288
724,-15874,-16028,-16213,-15998
725,-16250,-16113,-16218,-16174
726,-16793,-16334,-16158,-16607
727,-16277,-16279,-16207,-16376
728,-16028,-16258,-16375,-16132
729,-16331,-16258,-16398,-16271
730,-16377,-16342,-16273,-16345
731,-16165,-16328,-16232,-16219
732,-15591,-16128,-16256,-15779
733,-16114,-16101,-16171,-16013
734,-15632,-16035,-15984,-15746
735,-15918,-15966,-15879,-15866
736,-15457,-15812,-15834,-15579
737,-15988,-15783,-15777,-15865
738,-15909,-15836,-15736,-15895
739,-15208,-15685,-15757,-15414
740,-15220,-15616,-15752,-15278
741,-15274,-15509,-15559,-15275
742,-15062,-15443,-15333,-15125
743,-15326,-15333,-15231,-15265
744,-14844,-15155,-15187,-14970
745,-14883,-15101,-15145,-14909
746,-14688,-15012,-15046,-14754
747,-14680,-14913,-14901,-14702
748,-14812,-14872,-14791,-14779
749,-14589,-14749,-14729,-14646
750,-14747,-14733,-14715,-14716
751,-14833,-14724,-14703,-14797
752,-14694,-14725,-14710,-14724
753,-14511,-14697,-14739,-14574
754,-14628,-14667,-14714,-14611
755,-14633,-14674,-14641,-14626
756,-14774,-14678,-14605,-14729
757,-14435,-14612,-14627,-14523
758,-14332,-14552,-14639,-14389
759,-14184,-14497,-14557,-14245
760,-14146,-14417,-14407,-14175
761,-14073,-14324,-14273,-14103
762,-13874,-14174,-14173,-13942
763,-13811,-14070,-14082,-13850
764,-14025,-14018,-13979,-13972
765,-13850,-13963,-13906,-13886
766,-13161,-13799,-13883,-13378
767,-13892,-13768,-13805,-13737
768,-13698,-13739,-13642,-13709
769,-13946,-13762,-13617,-13874
770,-13832,-13729,-13727,-13844
771,-13472,-13666,-13803,-13583
772,-13924,-13794,-13801,-13821
773,-12863,-13622,-13709,-13150
774,-13452,-13581,-13598,-13361
775,-13395,-13489,-13422,-13384
776,-13413,-13419,-13310,-13404
777,-13800,-13474,-13363,-13681
778,-12709,-13272,-13430,-13000
779,-13410,-13363,-13438,-13287
780,-13402,-13354,-13303,-13367
781,-13465,-13366,-13228,-13435
782,-13232,-13336,-13319,-13292
783,-12909,-13187,-13367,-13023
784,-13293,-13285,-13291,-13212
785,-13152,-13242,-13164,-13170
786,-13351,-13233,-13139,-13296
787,-13051,-13164,-13188,-13124
788,-13041,-13132,-13211,-13065
789,-13149,-13172,-13170,-13123
790,-12904,-13108,-13099,-12969
791,-13136,-13105,-13066,-13085
792,-12737,-13003,-13034,-12841
793,-12662,-12938,-12987,-12715
794,-12908,-12916,-12896,-12850
795,-12809,-12859,-12795,-12821
796,-12947,-12866,-12791,-12909
797,-12716,-12796,-12834,-12773
798,-12864,-12817,-12850,-12836
799,-12107,-12725,-12812,-12325
800,-12323,-12627,-12702,-12323
801,-12683,-12606,-12508,-12575
802,-12306,-12499,-12383,-12386
803,-12308,-12431,-12420,-12331
804,-12212,-12323,-12424,-12247
805,-12040,-12312,-12336,-12102
806,-12168,-12286,-12240,-12148
807,-11977,-12168,-12155,-12028
808,-12149,-12142,-12104,-12112
809,-12196,-12123,-12082,-12170
810,-12197,-12121,-12096,-12188
811,-12027,-12119,-12141,-12075
812,-11832,-12063,-12147,-11904
813,-12196,-12099,-12084,-12108
814,-11767,-12035,-12004,-11869
815,-12057,-12012,-11985,-12000
816,-12060,-11989,-11972,-12042
817,-12026,-11989,-11971,-12030
818,-12256,-12060,-12019,-12188
819,-11969,-12022,-12062,-12034
820,-12196,-12094,-12101,-12147
821,-11734,-12040,-12097,-11857
822,-12144,-12054,-12054,-12057
823,-12196,-12082,-12001,-12154
824,-12258,-12082,-12017,-12226
825,-12664,-12198,-12132,-12532
826,-12310,-12217,-12263,-12376
827,-12392,-12327,-12390,-12387
828,-12388,-12368,-12429,-12387
829,-12437,-12408,-12397,-12422
830,-12495,-12447,-12392,-12473
831,-12477,-12416,-12417,-12475
832,-12740,-12488,-12460,-12660
833,-12992,-12588,-12523,-12892
834,-12923,-12677,-12648,-12913
835,-13140,-12794,-12813,-13071
836,-13035,-12884,-12939,-13045
837,-13440,-13045,-13026,-13321
838,-12974,-13084,-13104,-13078
839,-13944,-13242,-13194,-13684
840,-13729,-13377,-13295,-13715
841,-14072,-13532,-13496,-13964
842,-14452,-13768,-13751,-14305
843,-14104,-13879,-13963,-14164
844,-14145,-14074,-14150,-14150
845,-14086,-14098,-14208,-14105
846,-13961,-14136,-14157,-14004
847,-14379,-14187,-14105,-14266
848,-14112,-14131,-14093,-14158
849,-14617,-14216,-14158,-14479
850,-14889,-14340,-14267,-14766
851,-14876,-14472,-14439,-14843
852,-15171,-14674,-14678,-15072
853,-15026,-14781,-14866,-15039
854,-15531,-15018,-15005,-15383
855,-15034,-15087,-15119,-15138
856,-15324,-15160,-15217,-15268
857,-15317,-15233,-15248,-15302
858,-15001,-15205,-15237,-15091
859,-15661,-15311,-15248,-15490
860,-15729,-15344,-15262,-15657
861,-15897,-15488,-15396,-15825
862,-15970,-15595,-15620,-15926
863,-15659,-15652,-15786,-15739
864,-16016,-15822,-15858,-15932
865,-15716,-15831,-15847,-15780
866,-15884,-15857,-15839,-15852
867,-16403,-15941,-15854,-16237
868,-16101,-15963,-15916,-16141
869,-16410,-16088,-16078,-16329
870,-15905,-16069,-16195,-16032
871,-17155,-16309,-16238,-16818
872,-16107,-16346,-16293,-16320
873,-16345,-16337,-16435,-16337
874,-16235,-16359,-16470,-16265
875,-15250,-16166,-16321,-15554
876,-15985,-16179,-16130,-15855
877,-15519,-15906,-15861,-15619
878,-15944,-15879,-15715,-15846
879,-16222,-15859,-15731,-16109
880,-16310,-15871,-15835,-16249
881,-16881,-16143,-16051,-16691
882,-16019,-16149,-16277,-16220
883,-15897,-16212,-16423,-15993
884,-15737,-16177,-16325,-15813
885,-15569,-16068,-16053,-15642
886,-16503,-16101,-15853,-16244
887,-16312,-16006,-15830,-16291
888,-16297,-16052,-16034,-16295
889,-15985,-16067,-16243,-16078
890,-16360,-16171,-16266,-16275
891,-15673,-16188,-16189,-15853
892,-16067,-16115,-16118,-16002
893,-16437,-16136,-16034,-16306
894,-16144,-16111,-16026,-16192
895,-16257,-16156,-16156,-16237
896,-16105,-16113,-16231,-16144
897,-16255,-16210,-16216,-16221
898,-16013,-16201,-16185,-16075
899,-18209,-16497,-16217,-17568
900,-15912,-16458,-16416,-16408
901,-15656,-16358,-16754,-15881
902,-15843,-16314,-16660,-15854
903,-16296,-16321,-16150,-16163
904,-16245,-16360,-15924,-16220
905,-16460,-16068,-16040,-16388
906,-16045,-16090,-16212,-16147
907,-16009,-16149,-16276,-16050
908,-16241,-16216,-16215,-16183
909,-16042,-16173,-16120,-16084
910,-16150,-16157,-16108,-16130
911,-16097,-16097,-16117,-16106
912,-16225,-16127,-16114,-16189
913,-16128,-16147,-16125,-16146
914,-16355,-16166,-16153,-16292
915,-16642,-16266,-16199,-16537
916,-15841,-16214,-16278,-16049
917,-16051,-16207,-16331,-16050
918,-16504,-16253,-16231,-16367
919,-16357,-16291,-16140,-16360
920,-15285,-16113,-16208,-15607
921,-16177,-16035,-16192,-16006
922,-16097,-16078,-15976,-16069
923,-15896,-16052,-15892,-15947
924,-16076,-15981,-15984,-16037
925,-16009,-15923,-16010,-16017
926,-16217,-16078,-16013,-16157
927,-16248,-16090,-16049,-16220
928,-15907,-16058,-16111,-16000
929,-16313,-16128,-16150,-16219
930,-16056,-16125,-16124,-16104
931,-16097,-16139,-16120,-16099
932,-16177,-16133,-16131,-16153
933,-16034,-16097,-16114,-16069
934,-16251,-16154,-16115,-16196
935,-16360,-16162,-16126,-16310
936,-16270,-16198,-16176,-16282
937,-16081,-16195,-16250,-16141
938,-16285,-16213,-16262,-16241
939,-16369,-16269,-16222,-16330
940,-16125,-16248,-16220,-16186
941,-16222,-16225,-16257,-16211
942,-16104,-16197,-16239,-16136
943,-16138,-16207,-16190,-16137
944,-16139,-16182,-16157,-16138
945,-16368,-16182,-16142,-16299
946,-16194,-16194,-16166,-16225
947,-16040,-16163,-16217,-16095
948,-16210,-16181,-16219,-16175
949,-16050,-16166,-16161,-16087
950,-16140,-16167,-16129,-16124
951,-16301,-16155,-16122,-16247
952,-16024,-16127,-16135,-16090
953,-16188,-16152,-16165,-16158
954,-16163,-16144,-16156,-16161
955,-16088,-16150,-16139,-16109
956,-16205,-16161,-16143,-16176
957,-16012,-16113,-16136,-16061
958,-16305,-16160,-16131,-16231
959,-16067,-16140,-16130,-16116
960,-16232,-16151,-16149,-16197
961,-16095,-16152,-16162,-16125
962,-16115,-16137,-16155,-16118
963,-16256,-16178,-16147,-16214
964,-16105,-16145,-16140,-16137
965,-16350,-16192,-16163,-16286
966,-16185,-16184,-16190,-16215
967,-15924,-16155,-16211,-16011
968,-16233,-16175,-16193,-16166
969,-16033,-16138,-16120,-16072
970,-16088,-16135,-16091,-16083
971,-16057,-16086,-16094,-16064
972,-16149,-16080,-16080,-16123
973,-16281,-16140,-16083,-16233
974,-16074,-16113,-16121,-16121
975,-16136,-16130,-16165,-16131
976,-16058,-16125,-16158,-16079
977,-16068,-16127,-16121,-16071
978,-16338,-16159,-16097,-16257
979,-16116,-16131,-16111,-16158
980,-16177,-16148,-16166,-16171
981,-16083,-16140,-16186,-16109
982,-16413,-16199,-16167,-16321
983,-15993,-16186,-16168,-16091
984,-16316,-16183,-16198,-16248
985,-16209,-16198,-16199,-16220
986,-16049,-16177,-16191,-16100
987,-16173,-16192,-16193,-16151
988,-16005,-16124,-16152,-16048
989,-16180,-16155,-16114,-16140
990,-16257,-16145,-16101,-16221
991,-16088,-16125,-16123,-16127
992,-16179,-16147,-16165,-16163
993,-16043,-16125,-16164,-16079
994,-15884,-16105,-16131,-15942
995,-16164,-16102,-16078,-16097
996,-16041,-16066,-16024,-16057
997,-16328,-16106,-16039,-16246
998,-15997,-16076,-16097,-16071
999,-16200,-16102,-16145,-16161
1000,-16040,-16128,-16144,-16076
