r7,-16224,-16216,-16225,-16171
8,-16209,-16197,-16155,-16197
9,-16177,-16189,-16138,-16183
10,-15963,-16131,-16167,-16029
11,-15972,-16084,-16150,-15989
12,-16293,-16139,-16084,-16201
13,-16073,-16114,-16049,-16111
14,-15896,-16062,-16093,-15960
15,-16005,-16033,-16100,-15991
16,-16152,-16065,-16031,-16103
17,-15946,-16060,-16002,-15993
18,-16367,-16073,-16040,-16254
19,-16184,-16091,-16084,-16205
20,-16080,-16122,-16150,-16117
21,-16041,-16128,-16189,-16063
22,-16188,-16134,-16145,-16150
23,-16236,-16182,-16106,-16210
24,-15824,-16092,-16119,-15939
25,-16136,-16084,-16125,-16076
26,-16265,-16115,-16071,-16208
27,-16204,-16142,-16064,-16205
28,-16039,-16117,-16141,-16088
29,-16060,-16088,-16174,-16068
30,-16170,-16145,-16131,-16139
31,-16104,-16140,-16092,-16114
32,-16128,-16117,-16102,-16123
33,-16124,-16104,-16119,-16123
34,-15977,-16093,-16116,-16020
35,-16108,-16101,-16099,-16081
36,-16425,-16144,-16077,-16321
37,-16018,-16130,-16105,-16108
38,-16140,-16132,-16181,-16130
39,-16160,-16138,-16183,-16151
40,-16171,-16170,-16139,-16165
41,-16122,-16172,-16138,-16134
42,-15930,-16090,-16142,-15991
43,-15937,-16076,-16110,-15953
44,-16041,-16060,-16036,-16014
45,-16129,-16055,-15983,-16094
46,-15998,-16026,-16002,-16026
47,-16153,-16031,-16047,-16114
48,-16068,-16054,-16066,-16081
49,-16348,-16122,-16085,-16267
50,-16224,-16153,-16128,-16236
51,-16027,-16136,-16190,-16089
52,-16168,-16164,-16209,-16144
53,-15921,-16126,-16153,-15987
54,-16033,-16120,-16092,-16019
55,-16185,-16093,-16046,-16135
56,-15930,-16044,-16030,-15991
57,-16344,-16096,-16062,-16238
58,-16161,-16095,-16091,-16184
59,-16104,-16126,-16141,-16128
60,-16184,-16151,-16181,-16167
61,-16212,-16155,-16163,-16198
62,-16037,-16173,-16155,-16085
63,-16216,-16152,-16159,-16176
64,-16241,-16165,-16145,-16221
65,-16076,-16161,-16151,-16119
66,-15906,-16114,-16167,-15969
67,-16033,-16084,-16121,-16013
68,-16084,-16092,-16037,-16062
69,-16224,-16094,-16011,-16175
70,-16184,-16084,-16061,-16181
71,-16170,-16100,-16131,-16173
72,-16065,-16126,-16171,-16097
73,-16309,-16172,-16166,-16245
74,-16313,-16210,-16159,-16292
75,-16200,-16206,-16199,-16227
76,-16073,-16188,-16248,-16119
77,-15968,-16154,-16223,-16013
78,-16065,-16154,-16137,-16049
79,-16203,-16137,-16061,-16156
80,-16224,-16122,-16058,-16203
81,-16088,-16103,-16118,-16122
82,-15935,-16080,-16159,-15991
83,-16211,-16121,-16127,-16145
84,-16192,-16142,-16075,-16177
85,-15847,-16082,-16086,-15946
86,-16131,-16067,-16105,-16075
87,-16045,-16060,-16057,-16054
88,-15845,-16045,-16024,-15907
89,-16210,-16045,-16023,-16119
90,-16341,-16069,-16013,-16274
91,-16107,-16113,-16075,-16157
92,-16178,-16121,-16181,-16171
93,-16240,-16153,-16204,-16219
94,-15753,-16138,-16171,-15892
95,-16425,-16174,-16137,-16265
96,-15852,-16092,-16079,-15975
97,-16209,-16109,-16080,-16138
98,-16045,-16087,-16092,-16072
99,-16032,-16052,-16078,-16044
100,-16049,-16102,-16078,-16047
101,-16056,-16040,-16056,-16053
102,-16205,-16099,-16048,-16159
103,-16317,-16117,-16074,-16269
104,-15904,-16093,-16133,-16013
105,-16369,-16150,-16176,-16262
106,-16172,-16170,-16156,-16199
107,-16056,-16170,-16163,-16098
108,-16105,-16153,-16182,-16102
109,-16406,-16168,-16147,-16314
110,-16224,-16222,-16149,-16251
111,-16016,-16163,-16210,-16086
112,-16148,-16159,-16229,-16129
113,-15889,-16131,-16155,-15961
114,-15949,-16105,-16077,-15952
115,-16129,-16059,-16013,-16075
116,-16077,-16034,-15984,-16076
117,-16172,-16060,-16026,-16143
118,-15984,-16033,-16079,-16031
119,-15968,-16046,-16094,-15986
120,-16181,-16085,-16063,-16122
121,-16049,-16071,-16034,-16070
122,-15948,-16050,-16053,-15984
123,-16124,-16042,-16063,-16082
124,-16359,-16104,-16047,-16275
125,-16095,-16126,-16085,-16149
126,-16272,-16141,-16172,-16235
127,-16035,-16138,-16205,-16095
128,-16189,-16179,-16183,-16160
129,-16204,-16192,-16154,-16190
130,-15941,-16122,-16139,-16015
131,-16281,-16153,-16138,-16201
132,-15849,-16083,-16108,-15954
133,-16121,-16097,-16086,-16070
134,-16042,-16073,-16056,-16050
135,-15960,-16032,-16029,-15987
136,-16216,-16078,-16037,-16147
137,-16019,-16034,-16042,-16057
138,-15905,-16043,-16064,-15950
139,-16192,-16055,-16062,-16119
140,-16216,-16084,-16033,-16186
141,-16181,-16121,-16073,-16182
142,-16031,-16090,-16146,-16076
143,-15908,-16072,-16154,-15958
144,-16314,-16140,-16098,-16207
145,-16081,-16121,-16054,-16118
146,-16217,-16122,-16098,-16187
147,-15984,-16089,-16147,-16044
148,-15964,-16078,-16134,-15988
149,-16032,-16098,-16079,-16018
150,-16017,-16049,-16017,-16017
151,-16264,-16079,-16009,-16189
152,-16069,-16055,-16047,-16105
153,-16149,-16082,-16108,-16135
154,-16211,-16123,-16137,-16188
155,-16081,-16131,-16139,-16113
156,-16112,-16147,-16148,-16112
157,-16020,-16107,-16132,-16047
158,-15983,-16092,-16096,-16002
159,-16239,-16107,-16061,-16167
160,-16109,-16090,-16052,-16126
161,-16177,-16106,-16097,-16161
162,-16076,-16100,-16137,-16101
163,-16257,-16140,-16142,-16210
164,-15992,-16141,-16139,-16057
165,-16281,-16148,-16141,-16213
166,-16244,-16171,-16141,-16234
167,-16009,-16143,-16161,-16076
168,-16260,-16173,-16186,-16204
169,-16097,-16147,-16159,-16129
170,-16099,-16165,-16145,-16108
171,-16306,-16169,-16145,-16246
172,-16094,-16144,-16143,-16139
173,-16200,-16176,-16171,-16181
174,-16265,-16176,-16181,-16239
175,-16381,-16224,-16188,-16338
176,-16109,-16225,-16230,-16177
177,-16092,-16190,-16260,-16117
178,-16052,-16183,-16216,-16071
179,-16145,-16174,-16136,-16122
180,-16306,-16180,-16099,-16250
181,-16236,-16156,-16126,-16240
182,-16029,-16143,-16191,-16092
183,-16217,-16164,-16210,-16179
184,-16025,-16159,-16164,-16071
185,-15908,-16120,-16121,-15956
186,-16369,-16130,-16085,-16245
187,-16010,-16093,-16057,-16080
188,-16161,-16115,-16104,-16136
189,-16215,-16114,-16140,-16191
190,-16015,-16113,-16133,-16067
191,-16249,-16169,-16143,-16194
192,-16012,-16110,-16131,-16066
193,-16081,-16122,-16123,-16076
194,-16114,-16114,-16107,-16102
195,-16089,-16093,-16081,-16092
196,-16265,-16135,-16089,-16213
197,-16016,-16096,-16114,-16075
198,-16105,-16111,-16139,-16096
199,-16160,-16124,-16124,-16140
200,-16137,-16128,-16103,-16137
201,-16284,-16161,-16121,-16239
202,-16048,-16125,-16151,-16105
203,-16188,-16153,-16175,-16163
204,-16171,-16164,-16162,-16168
205,-16063,-16148,-16146,-16094
206,-16233,-16164,-16145,-16191
207,-16081,-16130,-16137,-16114
208,-16320,-16176,-16145,-16258
209,-16089,-16159,-16161,-16139
210,-16196,-16163,-16183,-16178
211,-16176,-16182,-16184,-16176
212,-15938,-16133,-16161,-16009
213,-16016,-16122,-16133,-16013
214,-15989,-16067,-16067,-15996
215,-15976,-16048,-16008,-15982
216,-16194,-16048,-15996,-16130
217,-16032,-16024,-16014,-16061
218,-16185,-16065,-16062,-16147
219,-16365,-16123,-16105,-16299
220,-16013,-16127,-16148,-16098
221,-16269,-16176,-16199,-16217
222,-16179,-16173,-16192,-16190
223,-16196,-16201,-16178,-16194
224,-16344,-16227,-16195,-16299
225,-15945,-16157,-16206,-16051
226,-16181,-16185,-16207,-16142
227,-16072,-16152,-16154,-16093
228,-16058,-16132,-16104,-16068
229,-16331,-16155,-16100,-16252
230,-16088,-16112,-16112,-16137
231,-16244,-16162,-16160,-16211
232,-16069,-16143,-16183,-16111
233,-16185,-16162,-16169,-16162
234,-15885,-16133,-16145,-15968
235,-16029,-16083,-16103,-16010
236,-16281,-16115,-16048,-16199
237,-16024,-16078,-16037,-16076
238,-16180,-16097,-16098,-16148
239,-15904,-16050,-16123,-15977
240,-15889,-16051,-16089,-15915
241,-16154,-16072,-16024,-16082
242,-16037,-16031,-15977,-16050
243,-16178,-16057,-16013,-16139
244,-16026,-16031,-16068,-16059
245,-16024,-16051,-16091,-16034
246,-16207,-16104,-16083,-16155
247,-15984,-16076,-16069,-16035
248,-16138,-16092,-16084,-16107
249,-16128,-16084,-16088,-16121
250,-16017,-16083,-16086,-16048
251,-15892,-16061,-16088,-15938
252,-16210,-16061,-16054,-16128
253,-16129,-16085,-16021,-16128
254,-16103,-16079,-16058,-16110
255,-15984,-16055,-16108,-16021
256,-15892,-16035,-16095,-15930
257,-16121,-16073,-16037,-16063
258,-16184,-16068,-15996,-16147
259,-16186,-16078,-16032,-16174
260,-15918,-16047,-16106,-15994
261,-15904,-16034,-16120,-15931
262,-16013,-16054,-16047,-15988
263,-16117,-16053,-15974,-16078
264,-16068,-16034,-15981,-16071
265,-16115,-16022,-16037,-16101
266,-16036,-16042,-16075,-16055
267,-16080,-16071,-16082,-16072
268,-16177,-16098,-16076,-16145
269,-16140,-16102,-16083,-16141
270,-15991,-16089,-16111,-16036
271,-16337,-16126,-16123,-16246
272,-15901,-16104,-16112,-16004
273,-16384,-16155,-16127,-16270
274,-15908,-16110,-16129,-16016
275,-15941,-16077,-16125,-15963
276,-16172,-16107,-16085,-16109
277,-16004,-16051,-16021,-16035
278,-16184,-16098,-16037,-16139
279,-16145,-16059,-16073,-16143
280,-16137,-16097,-16106,-16138
281,-16111,-16125,-16133,-16119
282,-16017,-16099,-16132,-16047
283,-16149,-16123,-16112,-16118
284,-16061,-16103,-16086,-16078
285,-16101,-16096,-16084,-16094
286,-16113,-16092,-16090,-16107
287,-15997,-16073,-16087,-16030
288,-15905,-16054,-16078,-15942
289,-16074,-16041,-16039,-16034
290,-16027,-16036,-15994,-16029
291,-16109,-16037,-15999,-16085
292,-16016,-16021,-16033,-16036
293,-16193,-16054,-16057,-16145
294,-16120,-16089,-16074,-16127
295,-16052,-16086,-16100,-16074
296,-16201,-16115,-16119,-16162
297,-16020,-16100,-16110,-16062
298,-16144,-16121,-16109,-16119
299,-16191,-16121,-16107,-16169
300,-16352,-16160,-16117,-16297
301,-16228,-16189,-16172,-16248
302,-16056,-16165,-16232,-16113
303,-16153,-16187,-16232,-16141
304,-16098,-16179,-16170,-16110
305,-16280,-16194,-16129,-16229
306,-16224,-16173,-16140,-16225
307,-15936,-16124,-16175,-16022
308,-16257,-16158,-16181,-16186
309,-16128,-16153,-16132,-16145
310,-15893,-16119,-16115,-15968
311,-16203,-16106,-16113,-16132
312,-16060,-16079,-16068,-16081
313,-16353,-16149,-16071,-16271
314,-16209,-16141,-16127,-16227
315,-16098,-16136,-16192,-16136
316,-16285,-16201,-16219,-16240
317,-16051,-16176,-16192,-16107
318,-16261,-16209,-16178,-16214
319,-16112,-16169,-16167,-16142
320,-16324,-16188,-16167,-16269
321,-16232,-16210,-16187,-16243
322,-16035,-16169,-16213,-16097
323,-16141,-16184,-16213,-16127
324,-16085,-16154,-16156,-16097
325,-15993,-16135,-16108,-16024
326,-16341,-16137,-16091,-16245
327,-16012,-16101,-16091,-16081
328,-16258,-16138,-16133,-16204
329,-16179,-16144,-16158,-16186
330,-15941,-16120,-16158,-16014
331,-16216,-16157,-16151,-16155
332,-16035,-16106,-16105,-16071
333,-16180,-16134,-16091,-16147
334,-16104,-16109,-16106,-16116
335,-16028,-16084,-16113,-16054
336,-16241,-16134,-16112,-16184
337,-16083,-16111,-16103,-16113
338,-16308,-16157,-16125,-16249
339,-16127,-16148,-16158,-16163
340,-16168,-16159,-16184,-16166
341,-16304,-16205,-16191,-16262
342,-16323,-16218,-16191,-16304
343,-16138,-16228,-16229,-16187
344,-16172,-16205,-16256,-16176
345,-15961,-16177,-16221,-16025
346,-16233,-16188,-16154,-16170
347,-16115,-16157,-16104,-16131
348,-16308,-16154,-16115,-16254
349,-15973,-16127,-16154,-16057
350,-16153,-16123,-16170,-16124
351,-16200,-16163,-16140,-16177
352,-15928,-16112,-16112,-16002
353,-16089,-16108,-16111,-16062
354,-16034,-16062,-16074,-16042
355,-16081,-16080,-16042,-16069
356,-16159,-16081,-16048,-16132
357,-16204,-16082,-16073,-16182
358,-16208,-16129,-16117,-16200
359,-16124,-16135,-16163,-16146
360,-15881,-16109,-16173,-15960
361,-16286,-16143,-16130,-16188
362,-16093,-16132,-16075,-16121
363,-16213,-16134,-16094,-16185
364,-16347,-16157,-16148,-16298
365,-15969,-16131,-16184,-16067
366,-16138,-16174,-16204,-16116
367,-16079,-16139,-16156,-16090
368,-16030,-16129,-16100,-16048
369,-16273,-16139,-16085,-16205
370,-15968,-16076,-16089,-16039
371,-16201,-16114,-16114,-16152
372,-15954,-16084,-16111,-16013
373,-16209,-16105,-16091,-16150
374,-16106,-16118,-16084,-16119
375,-16045,-16080,-16095,-16067
376,-16241,-16126,-16113,-16188
377,-16113,-16111,-16112,-16135
378,-16178,-16148,-16132,-16165
379,-15968,-16108,-16149,-16027
380,-15860,-16067,-16120,-15910
381,-16153,-16085,-16051,-16080
382,-16024,-16049,-15990,-16040
383,-16136,-16053,-16008,-16107
384,-16162,-16050,-16059,-16145
385,-16065,-16066,-16092,-16089
386,-16170,-16118,-16117,-16145
387,-15968,-16087,-16116,-16021
388,-16149,-16108,-16101,-16110
389,-16205,-16119,-16082,-16176
390,-16161,-16119,-16094,-16165
391,-16177,-16138,-16142,-16173
392,-16059,-16119,-16164,-16093
393,-16186,-16156,-16156,-16158
394,-16201,-16164,-16135,-16188
395,-15966,-16125,-16135,-16032
396,-16375,-16160,-16145,-16272
397,-15969,-16126,-16132,-16059
398,-16201,-16149,-16145,-16158
399,-16128,-16140,-16144,-16137
400,-15949,-16098,-16122,-16005
401,-16128,-16125,-16108,-16091
402,-15919,-16049,-16066,-15970
403,-16156,-16080,-16038,-16100
404,-16297,-16096,-16038,-16237
405,-16087,-16089,-16082,-16132
406,-16225,-16135,-16158,-16197
407,-15949,-16105,-16175,-16023
408,-16163,-16146,-16143,-16121
409,-16223,-16157,-16104,-16192
410,-15994,-16106,-16099,-16053
411,-16265,-16136,-16130,-16201
412,-16011,-16100,-16128,-16068
413,-16361,-16169,-16129,-16273
414,-16006,-16143,-16145,-16086
415,-15944,-16096,-16157,-15986
416,-16188,-16129,-16125,-16127
417,-16021,-16088,-16057,-16052
418,-16153,-16112,-16057,-16122
419,-16209,-16086,-16086,-16182
420,-16124,-16106,-16112,-16141
421,-16168,-16143,-16147,-16159
422,-15973,-16108,-16152,-16028
423,-15907,-16089,-16121,-15943
424,-16177,-16093,-16058,-16106
425,-16054,-16067,-16009,-16069
426,-16267,-16091,-16040,-16207
427,-16065,-16073,-16099,-16107
428,-16201,-16111,-16140,-16172
429,-16249,-16168,-16155,-16225
430,-16008,-16140,-16159,-16073
431,-16164,-16159,-16169,-16136
432,-16009,-16116,-16137,-16047
433,-16136,-16127,-16099,-16109
434,-16169,-16122,-16086,-16151
435,-16128,-16102,-16095,-16134
436,-16149,-16125,-16125,-16144
437,-16018,-16101,-16136,-16055
438,-16046,-16107,-16120,-16048
439,-16164,-16112,-16085,-16129
440,-16129,-16105,-16068,-16129
441,-16272,-16129,-16099,-16229
442,-16000,-16104,-16140,-16068
443,-16029,-16106,-16157,-16040
444,-16165,-16126,-16119,-16127
445,-16044,-16106,-16073,-16068
446,-16225,-16122,-16082,-16177
447,-16008,-16078,-16103,-16058
448,-16180,-16108,-16118,-16143
449,-15992,-16102,-16111,-16037
450,-16090,-16089,-16093,-16074
451,-16257,-16125,-16081,-16202
452,-16137,-16110,-16090,-16156
453,-16265,-16153,-16143,-16232
454,-16189,-16155,-16184,-16201
455,-16153,-16181,-16200,-16167
456,-16131,-16188,-16199,-16141
457,-16067,-16157,-16173,-16089
458,-16024,-16138,-16136,-16043
459,-16140,-16117,-16097,-16110
460,-16372,-16147,-16079,-16293
461,-16140,-16145,-16121,-16185
462,-15976,-16119,-16192,-16038
463,-16120,-16128,-16188,-16095
464,-16098,-16141,-16111,-16097
465,-15978,-16114,-16071,-16013
466,-16337,-16108,-16076,-16239
467,-16017,-16087,-16086,-16083
468,-16119,-16111,-16124,-16108
469,-16244,-16132,-16136,-16203
470,-16029,-16120,-16125,-16081
471,-16245,-16165,-16140,-16195
472,-16044,-16116,-16140,-16089
473,-16000,-16113,-16133,-16026
474,-16123,-16114,-16108,-16093
475,-16032,-16078,-16066,-16050
476,-16289,-16122,-16063,-16217
477,-16094,-16097,-16093,-16130
478,-16165,-16117,-16139,-16154
479,-16081,-16130,-16157,-16102
480,-16148,-16134,-16140,-16134
481,-16261,-16173,-16128,-16222
482,-16348,-16182,-16144,-16310
483,-16233,-16206,-16203,-16256
484,-16160,-16205,-16259,-16188
485,-15920,-16178,-16252,-16000
486,-16304,-16204,-16180,-16212
487,-16076,-16173,-16109,-16116
488,-16323,-16169,-16118,-16260
489,-16129,-16152,-16164,-16168
490,-16048,-16133,-16190,-16084
491,-16157,-16172,-16177,-16135
492,-16016,-16124,-16126,-16051
493,-16027,-16116,-16095,-16034
494,-16045,-16070,-16068,-16041
495,-16032,-16054,-16042,-16034
496,-16169,-16074,-16036,-16128
497,-16153,-16073,-16054,-16145
498,-16153,-16096,-16097,-16150
499,-16346,-16149,-16140,-16287
500,-15892,-16124,-16169,-16010
501,-16258,-16161,-16180,-16183
502,-16229,-16171,-16144,-16215
503,-16298,-16196,-16140,-16273
504,-16012,-16172,-16194,-16090
505,-15924,-16102,-16205,-15973
506,-16177,-16149,-16134,-16115
507,-15992,-16105,-16048,-16028
508,-16053,-16076,-16040,-16045
509,-16358,-16086,-16059,-16264
510,-16045,-16091,-16086,-16110
511,-16240,-16144,-16150,-16201
512,-16169,-16142,-16176,-16178
513,-16301,-16194,-16175,-16264
514,-16112,-16204,-16194,-16157
515,-16070,-16156,-16205,-16096
516,-16250,-16190,-16180,-16203
517,-16024,-16154,-16140,-16077
518,-16185,-16157,-16135,-16152
519,-16059,-16116,-16127,-16086
520,-15941,-16088,-16111,-15984
521,-16177,-16106,-16086,-16119
522,-16081,-16077,-16050,-16092
523,-16117,-16093,-16064,-16109
524,-16138,-16085,-16096,-16129
525,-16113,-16094,-16108,-16117
526,-16202,-16138,-16119,-16176
527,-16061,-16118,-16130,-16095
528,-16136,-16127,-16136,-16123
529,-16188,-16139,-16128,-16168
530,-16109,-16134,-16123,-16126
531,-16155,-16141,-16138,-16146
532,-16077,-16121,-16141,-16097
533,-16128,-16132,-16128,-16118
534,-15922,-16096,-16111,-15980
535,-15992,-16063,-16080,-15988
536,-15901,-16029,-16024,-15927
537,-15937,-15992,-15972,-15934
538,-16168,-16008,-15949,-16097
539,-16280,-16033,-15970,-16225
540,-15922,-16033,-16056,-16012
541,-15882,-16015,-16121,-15921
542,-16025,-16035,-16070,-15993
543,-16187,-16077,-15984,-16128
544,-16292,-16098,-15997,-16242
545,-16039,-16057,-16091,-16099
546,-16177,-16100,-16167,-16153
547,-16025,-16124,-16160,-16063
548,-16129,-16141,-16122,-16109
549,-16146,-16134,-16100,-16134
550,-15961,-16079,-16093,-16012
551,-16344,-16130,-16101,-16244
552,-15995,-16100,-16101,-16069
553,-16362,-16156,-16131,-16274
554,-15932,-16123,-16157,-16034
555,-15948,-16090,-16153,-15973
556,-16185,-16127,-16101,-16121
557,-15952,-16062,-16032,-16002
558,-16416,-16132,-16046,-16291
559,-16181,-16102,-16097,-16214
560,-16213,-16149,-16176,-16213
561,-16248,-16199,-16230,-16237
562,-16049,-16176,-16221,-16105
563,-16137,-16207,-16198,-16127
564,-16203,-16171,-16155,-16180
565,-16033,-16147,-16129,-16077
566,-16256,-16154,-16135,-16202
567,-15993,-16111,-16132,-16055
568,-15875,-16082,-16122,-15929
569,-16169,-16088,-16076,-16097
570,-16020,-16057,-16013,-16043
571,-16232,-16090,-16026,-16175
572,-16030,-16053,-16076,-16073
573,-16208,-16089,-16111,-16167
574,-16101,-16126,-16123,-16120
575,-16161,-16125,-16127,-16148
576,-16160,-16148,-16137,-16156
577,-16025,-16114,-16139,-16064
578,-16065,-16120,-16129,-16064
579,-16225,-16122,-16099,-16176
580,-16177,-16135,-16090,-16176
581,-16219,-16145,-16132,-16206
582,-16037,-16124,-16173,-16087
583,-16025,-16124,-16169,-16043
584,-16076,-16126,-16118,-16066
585,-16033,-16094,-16064,-16042
586,-16417,-16134,-16057,-16304
587,-15981,-16094,-16095,-16077
588,-16242,-16129,-16162,-16192
589,-16080,-16138,-16173,-16113
590,-15896,-16108,-16140,-15961
591,-16201,-16136,-16104,-16129
592,-16120,-16086,-16054,-16122
593,-16241,-16130,-16069,-16205
594,-16180,-16119,-16130,-16187
595,-16129,-16127,-16171,-16146
596,-16248,-16186,-16183,-16217
597,-16113,-16171,-16174,-16144
598,-16064,-16162,-16172,-16088
599,-16124,-16143,-16153,-16113
600,-16027,-16117,-16112,-16052
601,-16226,-16133,-16090,-16173
602,-15998,-16092,-16090,-16050
603,-16121,-16093,-16103,-16099
604,-16041,-16089,-16096,-16058
605,-15996,-16068,-16074,-16014
606,-16301,-16113,-16064,-16214
607,-15984,-16073,-16069,-16053
608,-16293,-16122,-16110,-16221
609,-16250,-16144,-16141,-16241
610,-16033,-16142,-16169,-16095
611,-16298,-16193,-16196,-16237
612,-16021,-16146,-16173,-16085
613,-16077,-16162,-16155,-16079
614,-16113,-16132,-16128,-16102
615,-16020,-16093,-16088,-16044
616,-16295,-16137,-16082,-16219
617,-16073,-16099,-16096,-16116
618,-16221,-16133,-16136,-16189
619,-16081,-16133,-16158,-16113
620,-16177,-16144,-16153,-16157
621,-16309,-16192,-16149,-16263
622,-16113,-16162,-16163,-16158
623,-16129,-16171,-16195,-16137
624,-16113,-16153,-16186,-16120
625,-15954,-16132,-16141,-16003
626,-16288,-16151,-16103,-16202
627,-16093,-16115,-16084,-16125
628,-16312,-16148,-16118,-16255
629,-16068,-16138,-16166,-16124
630,-15992,-16117,-16181,-16031
631,-16193,-16157,-16149,-16144
632,-16180,-16139,-16095,-16169
633,-16050,-16132,-16102,-16085
634,-16040,-16087,-16130,-16053
635,-16081,-16089,-16109,-16072
636,-16219,-16127,-16075,-16174
637,-16133,-16117,-16083,-16145
638,-16281,-16134,-16129,-16240
639,-15906,-16110,-16163,-16006
640,-15955,-16095,-16153,-15970
641,-16326,-16136,-16087,-16219
642,-16048,-16108,-16040,-16099
643,-16160,-16112,-16095,-16141
644,-16297,-16115,-16143,-16250
645,-15920,-16117,-16150,-16019
646,-16173,-16154,-16157,-16126
647,-15983,-16096,-16116,-16025
648,-16060,-16098,-16072,-16049
649,-16330,-16127,-16063,-16245
650,-15976,-16073,-16079,-16056
651,-16224,-16124,-16131,-16173
652,-16133,-16117,-16141,-16145
653,-16171,-16149,-16134,-16163
654,-16105,-16156,-16149,-16122
655,-16109,-16119,-16146,-16112
656,-16280,-16170,-16136,-16229
657,-15986,-16130,-16135,-16058
658,-16184,-16139,-16148,-16146
659,-16177,-16140,-16134,-16167
660,-15881,-16102,-16117,-15966
661,-16113,-16103,-16109,-16068
662,-16077,-16069,-16059,-16074
663,-16195,-16104,-16040,-16158
664,-16105,-16091,-16080,-16120
665,-16081,-16075,-16117,-16092
666,-15993,-16094,-16122,-16022
667,-16033,-16080,-16089,-16029
668,-16129,-16089,-16049,-16099
669,-16130,-16078,-16042,-16120
670,-16082,-16074,-16073,-16093
671,-16164,-16088,-16103,-16142
672,-16200,-16123,-16115,-16182
673,-16165,-16145,-16133,-16170
674,-16144,-16147,-16161,-16151
675,-15917,-16112,-16163,-15987
676,-16124,-16119,-16124,-16082
677,-16156,-16117,-16067,-16133
678,-16117,-16103,-16059,-16121
679,-16274,-16122,-16106,-16228
680,-15953,-16090,-16141,-16035
681,-16143,-16127,-16149,-16110
682,-15994,-16106,-16113,-16028
683,-16139,-16103,-16074,-16105
684,-16185,-16114,-16068,-16161
685,-16073,-16081,-16088,-16099
686,-16158,-16115,-16123,-16140
687,-15953,-16083,-16124,-16009
688,-16169,-16112,-16101,-16121
689,-16090,-16104,-16075,-16099
690,-15945,-16064,-16072,-15991
691,-16426,-16123,-16084,-16295
692,-15885,-16078,-16088,-16008
693,-16383,-16149,-16131,-16270
694,-16068,-16132,-16151,-16128
695,-15936,-16107,-16152,-15993
696,-16221,-16153,-16140,-16152
697,-15980,-16078,-16080,-16031
698,-16384,-16162,-16077,-16278
699,-16280,-16144,-16118,-16279
700,-16144,-16157,-16191,-16184
701,-16116,-16187,-16245,-16136
702,-16010,-16152,-16207,-16047
703,-16177,-16185,-16140,-16138
704,-16155,-16147,-16095,-16149
705,-16065,-16111,-16103,-16090
706,-16182,-16117,-16127,-16154
707,-16030,-16103,-16122,-16067
708,-15930,-16089,-16109,-15971
709,-16063,-16070,-16074,-16035
710,-16009,-16046,-16020,-16016
711,-16097,-16051,-16008,-16072
712,-16032,-16026,-16027,-16044
713,-16185,-16052,-16048,-16142
714,-16169,-16092,-16073,-16160
715,-16065,-16092,-16109,-16093
716,-16235,-16130,-16137,-16192
717,-16012,-16116,-16135,-16066
718,-16112,-16129,-16130,-16098
719,-16180,-16128,-16113,-16155
720,-16112,-16119,-16102,-16124
721,-16184,-16139,-16122,-16166
722,-16120,-16120,-16138,-16133
723,-16036,-16124,-16141,-16065
724,-16004,-16106,-16124,-16022
725,-16276,-16122,-16085,-16199
726,-16333,-16158,-16079,-16292
727,-15990,-16126,-16145,-16080
728,-16181,-16136,-16205,-16150
729,-16110,-16149,-16172,-16122
730,-15876,-16127,-16120,-15949
731,-16204,-16115,-16089,-16127
732,-16080,-16073,-16049,-16094
733,-16177,-16104,-16061,-16152
734,-16249,-16116,-16108,-16219
735,-16168,-16125,-16147,-16183
736,-16200,-16179,-16184,-16194
737,-16099,-16162,-16194,-16127
738,-16040,-16155,-16174,-16066
739,-16165,-16153,-16136,-16135
740,-16368,-16173,-16109,-16298
741,-16208,-16180,-16140,-16235
742,-16073,-16158,-16215,-16121
743,-16199,-16175,-16229,-16175
744,-16089,-16183,-16175,-16114
745,-15989,-16154,-16139,-16026
746,-16364,-16153,-16117,-16262
747,-16053,-16127,-16105,-16115
748,-16171,-16144,-16143,-16154
749,-16249,-16152,-16167,-16220
750,-15910,-16122,-16156,-16003
751,-16315,-16177,-16150,-16221
752,-16267,-16160,-16127,-16253
753,-16122,-16172,-16151,-16161
754,-16147,-16168,-16206,-16151
755,-16105,-16144,-16193,-16118
756,-16298,-16209,-16155,-16244
757,-16348,-16214,-16156,-16316
758,-16272,-16215,-16210,-16285
759,-16153,-16220,-16273,-16192
760,-16112,-16214,-16273,-16136
761,-16218,-16233,-16217,-16193
762,-16077,-16196,-16165,-16111
763,-16196,-16171,-16151,-16170
764,-16172,-16154,-16147,-16171
765,-15952,-16121,-16145,-16017
766,-16265,-16146,-16136,-16190
767,-15876,-16089,-16102,-15970
768,-16226,-16114,-16087,-16149
769,-16020,-16085,-16073,-16058
770,-15940,-16046,-16068,-15975
771,-16210,-16089,-16065,-16139
772,-16132,-16067,-16045,-16134
773,-16136,-16110,-16077,-16135
774,-16031,-16078,-16123,-16062
775,-15989,-16073,-16118,-16010
776,-16178,-16112,-16079,-16127
777,-16037,-16083,-16052,-16064
778,-16124,-16082,-16068,-16106
779,-16126,-16080,-16088,-16120
780,-15929,-16063,-16091,-15986
781,-16272,-16111,-16088,-16186
782,-16150,-16106,-16076,-16160
783,-16256,-16142,-16113,-16227
784,-16381,-16185,-16177,-16334
785,-15853,-16140,-16218,-15997
786,-16184,-16182,-16222,-16127
787,-16064,-16148,-16142,-16082
788,-16040,-16129,-16079,-16052
789,-16294,-16136,-16082,-16221
790,-16101,-16089,-16097,-16137
791,-16161,-16140,-16140,-16153
792,-16028,-16114,-16160,-16065
793,-16192,-16136,-16136,-16153
794,-15874,-16108,-16106,-15957
795,-15968,-16054,-16077,-15964
796,-16233,-16076,-16028,-16152
797,-15888,-16030,-16001,-15967
798,-16184,-16056,-16041,-16118
799,-16036,-16030,-16057,-16060
800,-15829,-16023,-16053,-15898
801,-16208,-16063,-16041,-16115
802,-16069,-16035,-16006,-16082
803,-16206,-16088,-16034,-16168
804,-16256,-16100,-16101,-16229
805,-15963,-16088,-16148,-16042
806,-16175,-16146,-16165,-16135
807,-15944,-16102,-16123,-16001
808,-16072,-16102,-16078,-16050
809,-16170,-16096,-16052,-16134
810,-15954,-16046,-16048,-16008
811,-15915,-16038,-16067,-15942
812,-15985,-16006,-16036,-15972
813,-16178,-16045,-15982,-16116
814,-16052,-16042,-15988,-16071
815,-15969,-16008,-16045,-15999
816,-16384,-16080,-16074,-16268
817,-16039,-16101,-16084,-16107
818,-16205,-16137,-16138,-16175
819,-16164,-16135,-16167,-16167
820,-15850,-16101,-16150,-15945
821,-15924,-16094,-16112,-15930
822,-15971,-16025,-16020,-15958
823,-16161,-16045,-15950,-16100
824,-16338,-16068,-15976,-16266
825,-16020,-16044,-16074,-16093
826,-16178,-16098,-16165,-16152
827,-16117,-16130,-16167,-16127
828,-16128,-16157,-16134,-16127
829,-16162,-16157,-16128,-16151
830,-16002,-16101,-16127,-16046
831,-16232,-16136,-16122,-16176
832,-16071,-16118,-16107,-16102
833,-16363,-16159,-16119,-16284
834,-15990,-16136,-16154,-16078
835,-15900,-16093,-16170,-15953
836,-16312,-16144,-16124,-16204
837,-15943,-16096,-16056,-16021
838,-16233,-16123,-16073,-16169
839,-16212,-16098,-16105,-16199
840,-16144,-16124,-16130,-16160
841,-16156,-16166,-16170,-16157
842,-16120,-16134,-16171,-16131
843,-16155,-16170,-16153,-16147
844,-16163,-16158,-16140,-16158
845,-16056,-16132,-16138,-16086
846,-16163,-16135,-16135,-16139
847,-16065,-16120,-16119,-16087
848,-16370,-16162,-16116,-16285
849,-16268,-16180,-16143,-16273
850,-15961,-16147,-16202,-16054
851,-16197,-16170,-16222,-16154
852,-16021,-16147,-16154,-16060
853,-16107,-16154,-16103,-16092
854,-16201,-16125,-16092,-16168
855,-16052,-16089,-16096,-16086
856,-16193,-16128,-16120,-16160
857,-16013,-16097,-16124,-16057
858,-16001,-16094,-16111,-16017
859,-16312,-16128,-16086,-16223
860,-16094,-16110,-16075,-16132
861,-16236,-16141,-16127,-16204
862,-16159,-16135,-16170,-16172
863,-16137,-16156,-16177,-16147
864,-16233,-16195,-16176,-16207
865,-15937,-16132,-16162,-16018
866,-16344,-16174,-16150,-16246
867,-16073,-16147,-16128,-16124
868,-16297,-16170,-16146,-16245
869,-16160,-16174,-16179,-16185
870,-16069,-16146,-16191,-16103
871,-16314,-16209,-16186,-16250
872,-16073,-16164,-16163,-16126
873,-16332,-16207,-16175,-16270
874,-16279,-16204,-16193,-16276
875,-16184,-16208,-16223,-16211
876,-16168,-16225,-16249,-16180
877,-16074,-16185,-16225,-16105
878,-16152,-16198,-16177,-16137
879,-16137,-16165,-16136,-16137
880,-16081,-16132,-16123,-16097
881,-16299,-16151,-16128,-16238
882,-16056,-16133,-16137,-16110
883,-16165,-16148,-16159,-16148
884,-16057,-16132,-16156,-16084
885,-16104,-16127,-16127,-16098
886,-16328,-16168,-16110,-16259
887,-16057,-16127,-16123,-16117
888,-16213,-16154,-16168,-16184
889,-16270,-16171,-16177,-16244
890,-16013,-16164,-16174,-16082
891,-16284,-16194,-16184,-16223
892,-16321,-16193,-16169,-16291
893,-16080,-16196,-16187,-16143
894,-16112,-16180,-16222,-16121
895,-16101,-16151,-16189,-16107
896,-16302,-16200,-16136,-16243
897,-16077,-16165,-16132,-16126
898,-16123,-16132,-16163,-16123
899,-16053,-16128,-16160,-16074
900,-16057,-16118,-16118,-16062
901,-16260,-16145,-16090,-16200
902,-16104,-16112,-16093,-16132
903,-16104,-16116,-16131,-16112
904,-16208,-16131,-16148,-16179
905,-15977,-16118,-16133,-16037
906,-16256,-16151,-16126,-16190
907,-16049,-16116,-16112,-16091
908,-16240,-16139,-16119,-16195
909,-16169,-16149,-16137,-16176
910,-16181,-16145,-16156,-16179
911,-16184,-16179,-16177,-16182
912,-16004,-16137,-16173,-16057
913,-16025,-16133,-16149,-16034
914,-16008,-16095,-16092,-16015
915,-16101,-16083,-16041,-16075
916,-16164,-16081,-16032,-16137
917,-15992,-16049,-16061,-16035
918,-16141,-16071,-16091,-16109
919,-16153,-16093,-16087,-16139
920,-16020,-16095,-16089,-16055
921,-16241,-16118,-16106,-16185
922,-16105,-16108,-16111,-16129
923,-16186,-16141,-16129,-16168
924,-16293,-16166,-16153,-16255
925,-15840,-16114,-16165,-15964
926,-16198,-16143,-16160,-16127
927,-16152,-16129,-16103,-16144
928,-16057,-16121,-16079,-16083
929,-16325,-16144,-16116,-16252
930,-16025,-16099,-16137,-16093
931,-16136,-16148,-16157,-16123
932,-15960,-16109,-16144,-16008
933,-16125,-16104,-16094,-16089
934,-16189,-16126,-16063,-16159
935,-15982,-16069,-16072,-16035
936,-16211,-16100,-16102,-16158
937,-16028,-16082,-16101,-16067
938,-16209,-16124,-16099,-16166
939,-15985,-16100,-16108,-16039
940,-15847,-16043,-16098,-15904
941,-16240,-16086,-16055,-16139
942,-16067,-16062,-16007,-16088
943,-16123,-16078,-16041,-16112
944,-16128,-16065,-16098,-16123
945,-15926,-16055,-16105,-15985
946,-16193,-16112,-16091,-16130
947,-15976,-16068,-16061,-16022
948,-16016,-16060,-16053,-16017
949,-16016,-16042,-16048,-16016
950,-16061,-16031,-16024,-16047
951,-16137,-16066,-16021,-16110
952,-16153,-16059,-16047,-16140
953,-16141,-16087,-16091,-16140
954,-16212,-16120,-16127,-16190
955,-15996,-16116,-16146,-16054
956,-15939,-16096,-16138,-15973
957,-16106,-16091,-16085,-16066
958,-16170,-16094,-16028,-16138
959,-16252,-16112,-16047,-16217
960,-15976,-16073,-16115,-16048
961,-15907,-16058,-16144,-15949
962,-15970,-16063,-16085,-15963
963,-16048,-16053,-15994,-16022
964,-16373,-16087,-15976,-16267
965,-15976,-16041,-16040,-16063
966,-16091,-16060,-16128,-16082
967,-16112,-16095,-16134,-16103
968,-16112,-16118,-16091,-16109
969,-16218,-16147,-16092,-16185
970,-15985,-16082,-16113,-16045
971,-16192,-16118,-16127,-16147
972,-15880,-16083,-16107,-15960
973,-16361,-16124,-16082,-16240
974,-16038,-16112,-16076,-16098
975,-15938,-16065,-16107,-15986
976,-16168,-16096,-16114,-16113
977,-15984,-16061,-16059,-16022
978,-16160,-16108,-16048,-16118
979,-16249,-16089,-16069,-16209
980,-16014,-16085,-16101,-16072
981,-16194,-16128,-16141,-16157
982,-16015,-16102,-16134,-16057
983,-16152,-16130,-16112,-16123
984,-16092,-16119,-16098,-16101
985,-16065,-16088,-16095,-16075
986,-16188,-16117,-16101,-16154
987,-16134,-16107,-16101,-16140
988,-15896,-16087,-16114,-15969
989,-16224,-16099,-16108,-16147
990,-15944,-16075,-16065,-16004
991,-16072,-16076,-16055,-16051
992,-15972,-16040,-16051,-15995
993,-16168,-16046,-16031,-16116
994,-16251,-16105,-16041,-16210
995,-16072,-16079,-16090,-16113
996,-16088,-16103,-16148,-16095
997,-16028,-16096,-16141,-16048
998,-16050,-16109,-16094,-16049
999,-16368,-16142,-16070,-16272
1000,-16101,-16117,-16092,-16152
