7,-16068,-16171,-16118,-16072
8,-16426,-16180,-16092,-16390
9,-15848,-16105,-16123,-15902
10,-16193,-16117,-16174,-16163
11,-15983,-16105,-16129,-16000
12,-16373,-16148,-16070,-16335
13,-15999,-16137,-16094,-16032
14,-16196,-16098,-16149,-16179
15,-16216,-16160,-16159,-16212
16,-16061,-16138,-16142,-16076
17,-16156,-16166,-16160,-16147
18,-16060,-16114,-16142,-16068
19,-16176,-16144,-16115,-16165
20,-16208,-16146,-16111,-16203
21,-16372,-16172,-16134,-16355
22,-16249,-16203,-16194,-16259
23,-16169,-16205,-16263,-16178
24,-16057,-16205,-16272,-16069
25,-16130,-16197,-16207,-16123
26,-16080,-16176,-16133,-16084
27,-15945,-16105,-16099,-15958
28,-16176,-16092,-16078,-16154
29,-16372,-16126,-16052,-16350
30,-16148,-16141,-16102,-16168
31,-16096,-16136,-16208,-16103
32,-16091,-16138,-16219,-16092
33,-16253,-16189,-16149,-16236
34,-16016,-16162,-16120,-16037
35,-16016,-16103,-16138,-16018
36,-16180,-16108,-16111,-16163
37,-16216,-16128,-16067,-16210
38,-15955,-16106,-16101,-15980
39,-16366,-16124,-16142,-16327
40,-16001,-16122,-16128,-16033
41,-15930,-16108,-16142,-15940
42,-16232,-16116,-16122,-16202
43,-16237,-16120,-16051,-16233
44,-16094,-16143,-16092,-16107
45,-16181,-16112,-16171,-16173
46,-16168,-16140,-16169,-16168
47,-16067,-16163,-16151,-16077
48,-16092,-16139,-16147,-16090
49,-16177,-16129,-16119,-16168
50,-16171,-16142,-16102,-16170
51,-16184,-16143,-16128,-16182
52,-16098,-16131,-16160,-16106
53,-16356,-16179,-16166,-16330
54,-16155,-16190,-16168,-16172
55,-15969,-16155,-16204,-15989
56,-16290,-16175,-16196,-16259
57,-16169,-16172,-16126,-16178
58,-16201,-16190,-16139,-16198
59,-16077,-16143,-16187,-16089
60,-16343,-16174,-16180,-16317
61,-15985,-16177,-16165,-16018
62,-16112,-16147,-16175,-16102
63,-16245,-16160,-16145,-16230
64,-16243,-16167,-16110,-16241
65,-16035,-16160,-16159,-16055
66,-16184,-16134,-16192,-16171
67,-15967,-16131,-16151,-15987
68,-16369,-16173,-16110,-16330
69,-16075,-16145,-16106,-16100
70,-15989,-16103,-16151,-16000
71,-15889,-16078,-16151,-15900
72,-16211,-16083,-16055,-16179
73,-16173,-16117,-15996,-16173
74,-16156,-16082,-16056,-16157
75,-15925,-16057,-16140,-15948
76,-16080,-16072,-16131,-16066
77,-16197,-16123,-16064,-16183
78,-16096,-16104,-16046,-16104
79,-16129,-16097,-16104,-16126
80,-16305,-16122,-16133,-16287
81,-15858,-16110,-16141,-15900
82,-16096,-16113,-16153,-16076
83,-16202,-16114,-16089,-16189
84,-16012,-16100,-16047,-16029
85,-16228,-16116,-16096,-16208
86,-16044,-16073,-16114,-16060
87,-15897,-16079,-16114,-15913
88,-15976,-16059,-16086,-15969
89,-15997,-16025,-16001,-15994
90,-16136,-16046,-15962,-16121
91,-16216,-16044,-15996,-16206
92,-16358,-16096,-16072,-16342
93,-16049,-16122,-16168,-16078
94,-15956,-16118,-16227,-15968
95,-15879,-16099,-16166,-15887
96,-16198,-16109,-16036,-16166
97,-16210,-16108,-15978,-16205
98,-15977,-16044,-16045,-15999
99,-16025,-16040,-16125,-16022
100,-16033,-16053,-16091,-16031
101,-16201,-16107,-16035,-16183
102,-16167,-16102,-16046,-16168
103,-16210,-16102,-16108,-16205
104,-16062,-16116,-16161,-16076
105,-15968,-16106,-16165,-15978
106,-16257,-16144,-16120,-16229
107,-16048,-16118,-16070,-16066
108,-16180,-16120,-16098,-16168
109,-16053,-16094,-16128,-16064
110,-16194,-16116,-16121,-16181
111,-16206,-16156,-16119,-16203
112,-16029,-16118,-16134,-16046
113,-16140,-16133,-16155,-16130
114,-15900,-16087,-16123,-15923
115,-16154,-16103,-16077,-16130
116,-16105,-16089,-16039,-16107
117,-16032,-16060,-16048,-16039
118,-16208,-16089,-16088,-16191
119,-16164,-16093,-16093,-16166
120,-16280,-16157,-16124,-16268
121,-16378,-16194,-16177,-16366
122,-15988,-16175,-16231,-16025
123,-16242,-16210,-16259,-16220
124,-15988,-16173,-16197,-16011
125,-16300,-16196,-16134,-16271
126,-16168,-16177,-16123,-16178
127,-15928,-16102,-16152,-15952
128,-16141,-16127,-16160,-16122
129,-16379,-16150,-16092,-16353
130,-15969,-16147,-16094,-16007
131,-16104,-16114,-16174,-16094
132,-16145,-16111,-16154,-16139
133,-16167,-16150,-16094,-16164
134,-16284,-16174,-16114,-16272
135,-16023,-16115,-16157,-16047
136,-16120,-16140,-16183,-16112
137,-16217,-16159,-16150,-16206
138,-15936,-16124,-16113,-15962
139,-16163,-16123,-16118,-16142
140,-16132,-16098,-16090,-16133
141,-16037,-16100,-16079,-16046
142,-16376,-16143,-16108,-16342
143,-16126,-16128,-16128,-16147
144,-16205,-16173,-16183,-16199
145,-16212,-16181,-16213,-16210
146,-16244,-16200,-16194,-16240
147,-16366,-16254,-16203,-16353
148,-16065,-16203,-16236,-16093
149,-16208,-16216,-16258,-16196
150,-16160,-16209,-16215,-16163
151,-16130,-16195,-16168,-16133
152,-16140,-16178,-16162,-16139
153,-16165,-16144,-16149,-16162
154,-16041,-16140,-16139,-16053
155,-16225,-16143,-16135,-16207
156,-16148,-16141,-16122,-16153
157,-16168,-16147,-16136,-16166
158,-16251,-16166,-16164,-16242
159,-15989,-16137,-16171,-16014
160,-16185,-16161,-16171,-16167
161,-16105,-16141,-16131,-16111
162,-16137,-16139,-16109,-16134
163,-16173,-16140,-16124,-16169
164,-15880,-16078,-16127,-15908
165,-16157,-16106,-16111,-16132
166,-16001,-16075,-16054,-16014
167,-15906,-16042,-16033,-15916
168,-16364,-16080,-16035,-16319
169,-16048,-16059,-16028,-16075
170,-16167,-16107,-16106,-16157
171,-16012,-16083,-16156,-16026
172,-15921,-16069,-16118,-15931
173,-16196,-16118,-16067,-16169
174,-16076,-16070,-16021,-16085
175,-16261,-16105,-16057,-16243
176,-16101,-16094,-16120,-16115
177,-15901,-16076,-16152,-15922
178,-16114,-16108,-16129,-16094
179,-16044,-16082,-16047,-16049
180,-16164,-16097,-16027,-16152
181,-16040,-16060,-16063,-16051
182,-16137,-16066,-16092,-16128
183,-16287,-16131,-16099,-16271
184,-15997,-16111,-16118,-16024
185,-16097,-16120,-16157,-16089
186,-16036,-16099,-16129,-16041
187,-16026,-16096,-16074,-16027
188,-16307,-16125,-16056,-16279
189,-16072,-16089,-16072,-16092
190,-16192,-16121,-16135,-16182
191,-16106,-16123,-16162,-16113
192,-16129,-16138,-16146,-16127
193,-16213,-16169,-16137,-16204
194,-16036,-16124,-16134,-16052
195,-16233,-16151,-16145,-16214
196,-15952,-16111,-16133,-15978
197,-16205,-16128,-16119,-16182
198,-16241,-16146,-16100,-16235
199,-16109,-16129,-16115,-16121
200,-16297,-16172,-16172,-16279
201,-16136,-16156,-16187,-16150
202,-16216,-16200,-16197,-16209
203,-16368,-16227,-16202,-16352
204,-16107,-16205,-16210,-16131
205,-16220,-16224,-16245,-16211
206,-16057,-16184,-16226,-16072
207,-16074,-16173,-16173,-16073
208,-16201,-16171,-16128,-16188
209,-16113,-16128,-16100,-16120
210,-16285,-16158,-16125,-16268
211,-16073,-16133,-16157,-16092
212,-16144,-16148,-16179,-16138
213,-16125,-16156,-16164,-16126
214,-15941,-16113,-16126,-15959
215,-16249,-16136,-16103,-16220
216,-16089,-16103,-16073,-16102
217,-16156,-16117,-16097,-16150
218,-16280,-16140,-16137,-16267
219,-15912,-16104,-16149,-15947
220,-16247,-16155,-16160,-16217
221,-15987,-16111,-16119,-16010
222,-16131,-16118,-16093,-16118
223,-16205,-16127,-16094,-16196
224,-16072,-16092,-16096,-16084
225,-16249,-16148,-16132,-16232
226,-16344,-16164,-16150,-16332
227,-15943,-16157,-16183,-15981
228,-16069,-16147,-16217,-16060
229,-15961,-16106,-16141,-15970
230,-16234,-16133,-16047,-16207
231,-16354,-16150,-16040,-16339
232,-16041,-16100,-16119,-16070
233,-16210,-16144,-16213,-16196
234,-15965,-16127,-16193,-15988
235,-16384,-16198,-16137,-16344
236,-15744,-16116,-16116,-15804
237,-16082,-16071,-16118,-16054
238,-16125,-16085,-16054,-16117
239,-16079,-16063,-15999,-16082
240,-16158,-16095,-16057,-16150
241,-15863,-16008,-16095,-15891
242,-16033,-16056,-16082,-16018
243,-16040,-16049,-16021,-16037
244,-16064,-16039,-15987,-16061
245,-16140,-16049,-16019,-16132
246,-16072,-16035,-16056,-16078
247,-16072,-16070,-16087,-16072
248,-16196,-16097,-16095,-16183
249,-16022,-16094,-16092,-16038
250,-16200,-16117,-16111,-16183
251,-16167,-16121,-16114,-16168
252,-16202,-16143,-16127,-16198
253,-16384,-16195,-16166,-16365
254,-15822,-16132,-16201,-15876
255,-16237,-16168,-16213,-16200
256,-16024,-16139,-16128,-16041
257,-16041,-16118,-16073,-16040
258,-16270,-16129,-16084,-16247
259,-15997,-16065,-16082,-16022
260,-16212,-16130,-16118,-16193
261,-16064,-16101,-16126,-16076
262,-16106,-16115,-16116,-16102
263,-16106,-16125,-16114,-16105
264,-16081,-16094,-16099,-16083
265,-16248,-16136,-16098,-16231
266,-16052,-16109,-16110,-16069
267,-16112,-16117,-16137,-16107
268,-16173,-16128,-16133,-16166
269,-15916,-16097,-16108,-15940
270,-16145,-16107,-16100,-16124
271,-16025,-16070,-16062,-16034
272,-16129,-16083,-16047,-16119
273,-16228,-16102,-16069,-16217
274,-15962,-16067,-16097,-15987
275,-16144,-16105,-16129,-16128
276,-16132,-16103,-16103,-16131
277,-16105,-16116,-16084,-16107
278,-16179,-16125,-16111,-16171
279,-16032,-16092,-16123,-16045
280,-16177,-16128,-16125,-16163
281,-16139,-16127,-16114,-16141
282,-16165,-16132,-16116,-16162
283,-16136,-16138,-16140,-16138
284,-15969,-16103,-16146,-15985
285,-15936,-16087,-16121,-15940
286,-16040,-16064,-16049,-16030
287,-16132,-16063,-15990,-16121
288,-16249,-16077,-16007,-16236
289,-15904,-16038,-16080,-15937
290,-15932,-16032,-16126,-15932
291,-15979,-16039,-16060,-15974
292,-16097,-16048,-15971,-16084
293,-16167,-16054,-15971,-16158
294,-16025,-16017,-16036,-16038
295,-16214,-16069,-16095,-16196
296,-16049,-16088,-16104,-16063
297,-16195,-16124,-16115,-16181
298,-16137,-16131,-16124,-16141
299,-16006,-16104,-16129,-16019
300,-16241,-16140,-16129,-16218
301,-16037,-16110,-16103,-16055
302,-16353,-16161,-16116,-16323
303,-16202,-16162,-16148,-16214
304,-15892,-16121,-16192,-15924
305,-16384,-16184,-16197,-16338
306,-15980,-16141,-16124,-16015
307,-16145,-16159,-16127,-16132
308,-16401,-16167,-16142,-16374
309,-16061,-16143,-16140,-16092
310,-16148,-16186,-16206,-16142
311,-15977,-16118,-16198,-15993
312,-16208,-16156,-16125,-16186
313,-16250,-16174,-16086,-16243
314,-16053,-16116,-16116,-16071
315,-16251,-16147,-16172,-16232
316,-16058,-16132,-16164,-16075
317,-15889,-16118,-16146,-15907
318,-16097,-16099,-16106,-16078
319,-16044,-16065,-16023,-16047
320,-16235,-16095,-16012,-16216
321,-16032,-16059,-16065,-16050
322,-16065,-16060,-16114,-16063
323,-16208,-16113,-16112,-16193
324,-16028,-16102,-16089,-16044
325,-16205,-16128,-16110,-16188
326,-16064,-16100,-16117,-16076
327,-16106,-16112,-16118,-16102
328,-16276,-16147,-16118,-16258
329,-16046,-16120,-16118,-16067
330,-16149,-16141,-16153,-16140
331,-16176,-16136,-16148,-16172
332,-15960,-16118,-16125,-15981
333,-16201,-16134,-16121,-16178
334,-15984,-16086,-16089,-16003
335,-16221,-16115,-16080,-16199
336,-16029,-16095,-16088,-16046
337,-16212,-16101,-16103,-16195
338,-16193,-16140,-16118,-16193
339,-16066,-16117,-16136,-16078
340,-16210,-16155,-16161,-16196
341,-16117,-16137,-16145,-16124
342,-16262,-16176,-16143,-16248
343,-16313,-16193,-16164,-16306
344,-15884,-16142,-16198,-15926
345,-16079,-16144,-16208,-16063
346,-16113,-16128,-16114,-16107
347,-16072,-16120,-16044,-16075
348,-16145,-16101,-16068,-16138
349,-16337,-16105,-16095,-16317
350,-16280,-16171,-16137,-16283
351,-16076,-16170,-16217,-16096
352,-15996,-16151,-16248,-16005
353,-16153,-16164,-16172,-16138
354,-15973,-16135,-16083,-15989
355,-16188,-16111,-16064,-16168
356,-16048,-16072,-16067,-16059
357,-16128,-16081,-16084,-16121
358,-16280,-16128,-16102,-16264
359,-16080,-16116,-16120,-16098
360,-16200,-16154,-16167,-16189
361,-16065,-16133,-16170,-16077
362,-16040,-16132,-16144,-16043
363,-16231,-16149,-16116,-16212
364,-16052,-16111,-16092,-16068
365,-16263,-16141,-16117,-16243
366,-16085,-16122,-16140,-16100
367,-16184,-16142,-16153,-16175
368,-16084,-16149,-16157,-16093
369,-16050,-16119,-16138,-16054
370,-16152,-16136,-16116,-16142
371,-16333,-16148,-16094,-16313
372,-16233,-16172,-16127,-16240
373,-16176,-16171,-16211,-16182
374,-15933,-16146,-16242,-15957
375,-16304,-16188,-16183,-16269
376,-16069,-16174,-16110,-16089
377,-16248,-16160,-16119,-16232
378,-16127,-16142,-16158,-16137
379,-16096,-16129,-16166,-16100
380,-16239,-16180,-16160,-16225
381,-15973,-16125,-16140,-15998
382,-16043,-16121,-16134,-16038
383,-16056,-16089,-16095,-16054
384,-16141,-16091,-16045,-16132
385,-16144,-16099,-16052,-16142
386,-16193,-16091,-16094,-16187
387,-16122,-16116,-16134,-16128
388,-16186,-16140,-16156,-16180
389,-15893,-16113,-16153,-15921
390,-16249,-16131,-16124,-16216
391,-16305,-16158,-16080,-16296
392,-16216,-16161,-16116,-16223
393,-16113,-16160,-16215,-16123
394,-15945,-16120,-16228,-15962
395,-16210,-16173,-16154,-16185
396,-16157,-16157,-16079,-16159
397,-15989,-16105,-16091,-16006
398,-16277,-16115,-16127,-16249
399,-16028,-16101,-16110,-16050
400,-16184,-16140,-16121,-16170
401,-16076,-16118,-16132,-16085
402,-16144,-16116,-16119,-16138
403,-15894,-16100,-16115,-15918
404,-15961,-16047,-16086,-15956
405,-16208,-16077,-16021,-16182
406,-15897,-16030,-15989,-15925
407,-16079,-16030,-16035,-16063
408,-16128,-16027,-16040,-16121
409,-15926,-16033,-16030,-15945
410,-16218,-16076,-16056,-16190
411,-15909,-16026,-16050,-15937
412,-16110,-16061,-16057,-16092
413,-16265,-16092,-16054,-16247
414,-15993,-16070,-16065,-16018
415,-16339,-16139,-16128,-16306
416,-15936,-16092,-16143,-15972
417,-16079,-16120,-16144,-16068
418,-16187,-16133,-16112,-16175
419,-16021,-16092,-16069,-16036
420,-16180,-16123,-16094,-16165
421,-16064,-16077,-16104,-16074
422,-16193,-16120,-16106,-16181
423,-16193,-16139,-16118,-16191
424,-15993,-16107,-16137,-16012
425,-16160,-16130,-16149,-16145
426,-15960,-16093,-16110,-15978
427,-16104,-16100,-16076,-16091
428,-16202,-16102,-16060,-16190
429,-15888,-16051,-16065,-15918
430,-15889,-16033,-16088,-15891
431,-15860,-15983,-16027,-15863
432,-16084,-16004,-15927,-16061
433,-16289,-16035,-15910,-16266
434,-16089,-16016,-15999,-16106
435,-16211,-16070,-16126,-16200
436,-15975,-16084,-16167,-15997
437,-16150,-16133,-16141,-16134
438,-16060,-16129,-16099,-16067
439,-16039,-16087,-16077,-16041
440,-16249,-16114,-16080,-16228
441,-15928,-16066,-16081,-15957
442,-16377,-16133,-16106,-16335
443,-16078,-16121,-16115,-16103
444,-15874,-16090,-16146,-15896
445,-16365,-16145,-16144,-16318
446,-15945,-16094,-16071,-15982
447,-16109,-16124,-16092,-16096
448,-16152,-16087,-16110,-16146
449,-16009,-16075,-16080,-16022
450,-16204,-16130,-16094,-16185
451,-16032,-16075,-16094,-16047
452,-15905,-16068,-16097,-15919
453,-16079,-16063,-16075,-16063
454,-16020,-16041,-16010,-16024
455,-16147,-16064,-16004,-16134
456,-16127,-16051,-16042,-16127
457,-16074,-16058,-16082,-16079
458,-16164,-16101,-16111,-16155
459,-16008,-16090,-16109,-16022
460,-16240,-16126,-16106,-16218
461,-16024,-16106,-16101,-16043
462,-16205,-16119,-16114,-16188
463,-16281,-16153,-16125,-16271
464,-16044,-16133,-16146,-16066
465,-16149,-16157,-16186,-16140
466,-16037,-16123,-16158,-16047
467,-15924,-16106,-16109,-15936
468,-16257,-16115,-16069,-16224
469,-16089,-16083,-16036,-16102
470,-16219,-16112,-16084,-16207
471,-16132,-16109,-16142,-16139
472,-16081,-16117,-16157,-16086
473,-16224,-16167,-16153,-16210
474,-16017,-16127,-16131,-16036
475,-16176,-16141,-16131,-16161
476,-16064,-16115,-16120,-16073
477,-16272,-16139,-16108,-16252
478,-16124,-16146,-16125,-16136
479,-16042,-16115,-16156,-16051
480,-16349,-16171,-16161,-16319
481,-16147,-16166,-16138,-16164
482,-16244,-16196,-16179,-16236
483,-16306,-16202,-16218,-16298
484,-16112,-16200,-16221,-16130
485,-16280,-16239,-16237,-16265
486,-16113,-16200,-16216,-16128
487,-16113,-16194,-16195,-16114
488,-16144,-16178,-16174,-16141
489,-16303,-16177,-16138,-16286
490,-16300,-16208,-16151,-16298
491,-16056,-16171,-16212,-16080
492,-16176,-16182,-16243,-16166
493,-16137,-16186,-16190,-16139
494,-15924,-16149,-16138,-15945
495,-16128,-16120,-16113,-16109
496,-15979,-16066,-16058,-15992
497,-16132,-16079,-16035,-16118
498,-16227,-16087,-16048,-16216
499,-16057,-16074,-16083,-16072
500,-16165,-16114,-16136,-16155
501,-16040,-16100,-16136,-16051
502,-16125,-16124,-16116,-16117
503,-16253,-16144,-16102,-16239
504,-16059,-16116,-16111,-16077
505,-16264,-16151,-16152,-16245
506,-16297,-16173,-16162,-16291
507,-15977,-16162,-16183,-16008
508,-16117,-16161,-16209,-16106
509,-16113,-16137,-16146,-16112
510,-16205,-16162,-16090,-16195
511,-16076,-16130,-16108,-16087
512,-16271,-16126,-16139,-16252
513,-16240,-16170,-16152,-16241
514,-15817,-16120,-16177,-15859
515,-16279,-16148,-16174,-16237
516,-15877,-16093,-16087,-15913
517,-16242,-16121,-16054,-16209
518,-16115,-16095,-16064,-16124
519,-16056,-16064,-16088,-16062
520,-16225,-16132,-16125,-16208
521,-15971,-16081,-16115,-15994
522,-16025,-16105,-16112,-16021
523,-16057,-16074,-16081,-16053
524,-16100,-16072,-16034,-16095
525,-16105,-16080,-16040,-16104
526,-16122,-16063,-16072,-16120
527,-16115,-16087,-16095,-16115
528,-16137,-16106,-16109,-16134
529,-16035,-16102,-16115,-16044
530,-16273,-16131,-16113,-16250
531,-16109,-16131,-16111,-16123
532,-16196,-16144,-16143,-16188
533,-15884,-16105,-16163,-15914
534,-15980,-16079,-16126,-15973
535,-16205,-16107,-16045,-16181
536,-15969,-16057,-15999,-15990
537,-16033,-16044,-16049,-16028
538,-16000,-16011,-16060,-16002
539,-16113,-16050,-16024,-16101
540,-16189,-16084,-16026,-16180
541,-16160,-16077,-16067,-16162
542,-16200,-16115,-16130,-16196
543,-15884,-16091,-16161,-15915
544,-15972,-16086,-16136,-15966
545,-16237,-16107,-16051,-16209
546,-16083,-16089,-16004,-16095
547,-16209,-16097,-16074,-16197
548,-16092,-16079,-16134,-16102
549,-15896,-16081,-16140,-15916
550,-16153,-16111,-16107,-16129
551,-15937,-16061,-16039,-15956
552,-16152,-16073,-16024,-16132
553,-16179,-16068,-16039,-16174
554,-15992,-16051,-16070,-16010
555,-15914,-16054,-16108,-15923
556,-15881,-16009,-16065,-15885
557,-16089,-16034,-15974,-16068
558,-16153,-16034,-15938,-16144
559,-15976,-16000,-15995,-15992
560,-16183,-16032,-16066,-16163
561,-16089,-16061,-16078,-16096
562,-16165,-16109,-16089,-16158
563,-16156,-16120,-16116,-16156
564,-15896,-16077,-16129,-15921
565,-16175,-16110,-16115,-16149
566,-16024,-16084,-16060,-16036
567,-16192,-16101,-16051,-16176
568,-16256,-16116,-16086,-16247
569,-15896,-16073,-16126,-15931
570,-15881,-16070,-16148,-15885
571,-15937,-16031,-16061,-15931
572,-16104,-16044,-15947,-16086
573,-16265,-16056,-15941,-16247
574,-16069,-16025,-16031,-16086
575,-16232,-16081,-16132,-16217
576,-16125,-16122,-16161,-16134
577,-16181,-16162,-16158,-16176
578,-16201,-16178,-16164,-16198
579,-15988,-16132,-16163,-16008
580,-16200,-16154,-16154,-16180
581,-15917,-16102,-16113,-15943
582,-16145,-16105,-16084,-16124
583,-16064,-16085,-16061,-16070
584,-15872,-16031,-16052,-15891
585,-16337,-16089,-16053,-16292
586,-15929,-16044,-16032,-15965
587,-16149,-16082,-16076,-16130
588,-16233,-16097,-16099,-16222
589,-16137,-16109,-16098,-16145
590,-16113,-16149,-16150,-16116
591,-15963,-16087,-16161,-15978
592,-15905,-16083,-16112,-15912
593,-16241,-16098,-16037,-16208
594,-16002,-16060,-15997,-16022
595,-16265,-16081,-16051,-16240
596,-16066,-16073,-16107,-16083
597,-15877,-16059,-16128,-15897
598,-16120,-16095,-16106,-16097
599,-15968,-16049,-16025,-15980
600,-16241,-16089,-16007,-16214
601,-16051,-16053,-16045,-16067
602,-16082,-16056,-16094,-16080
603,-16189,-16108,-16114,-16178
604,-16032,-16093,-16099,-16046
605,-16216,-16135,-16112,-16198
606,-16016,-16097,-16115,-16034
607,-16117,-16108,-16115,-16108
608,-16230,-16133,-16106,-16217
609,-16181,-16132,-16103,-16184
610,-16189,-16158,-16153,-16188
611,-16081,-16135,-16184,-16091
612,-15984,-16130,-16169,-15994
613,-16238,-16150,-16120,-16213
614,-16064,-16122,-16077,-16078
615,-16304,-16143,-16104,-16281
616,-15996,-16111,-16143,-16024
617,-16253,-16139,-16161,-16230
618,-16096,-16158,-16149,-16109
619,-16077,-16131,-16140,-16080
620,-16281,-16167,-16140,-16260
621,-16109,-16135,-16128,-16124
622,-16156,-16162,-16158,-16152
623,-16233,-16158,-16170,-16224
624,-15916,-16128,-16156,-15946
625,-16265,-16160,-16148,-16233
626,-16075,-16125,-16106,-16090
627,-16056,-16116,-16104,-16059
628,-16162,-16117,-16121,-16151
629,-16369,-16140,-16101,-16347
630,-16192,-16186,-16138,-16207
631,-16056,-16151,-16222,-16071
632,-16013,-16141,-16228,-16018
633,-16104,-16149,-16137,-16095
634,-16189,-16153,-16068,-16179
635,-16333,-16147,-16079,-16317
636,-16056,-16125,-16148,-16082
637,-16256,-16158,-16210,-16238
638,-16179,-16186,-16196,-16184
639,-15870,-16147,-16174,-15901
640,-16236,-16155,-16153,-16202
641,-16052,-16108,-16079,-16067
642,-15988,-16096,-16069,-15995
643,-16205,-16088,-16088,-16184
644,-16124,-16079,-16067,-16130
645,-16315,-16153,-16096,-16296
646,-16069,-16125,-16155,-16091
647,-16094,-16132,-16190,-16093
648,-16085,-16148,-16166,-16085
649,-16052,-16123,-16108,-16055
650,-16277,-16148,-16085,-16254
651,-16109,-16114,-16095,-16123
652,-16309,-16154,-16145,-16290
653,-16180,-16168,-16184,-16191
654,-16019,-16157,-16204,-16036
655,-16232,-16187,-16196,-16212
656,-16093,-16157,-16139,-16104
657,-16304,-16189,-16130,-16284
658,-16048,-16146,-16158,-16071
659,-15997,-16115,-16176,-16004
660,-16233,-16151,-16141,-16210
661,-15907,-16097,-16081,-15937
662,-16027,-16086,-16079,-16018
663,-16068,-16046,-16052,-16062
664,-16149,-16063,-16014,-16140
665,-16133,-16086,-16044,-16133
666,-16049,-16055,-16094,-16057
667,-16212,-16106,-16117,-16196
668,-15925,-16089,-16108,-15952
669,-15929,-16066,-16099,-15931
670,-16291,-16089,-16050,-16254
671,-16208,-16102,-16011,-16212
672,-16257,-16137,-16101,-16252
673,-16373,-16163,-16205,-16360
674,-15968,-16171,-16246,-16007
675,-16180,-16212,-16252,-16162
676,-16096,-16180,-16179,-16102
677,-16017,-16148,-16114,-16025
678,-16312,-16157,-16104,-16283
679,-16115,-16114,-16100,-16131
680,-16220,-16156,-16147,-16211
681,-16003,-16127,-16182,-16023
682,-16165,-16138,-16160,-16150
683,-16376,-16198,-16121,-16353
684,-16043,-16153,-16134,-16073
685,-16261,-16178,-16205,-16242
686,-16097,-16157,-16202,-16111
687,-16168,-16185,-16171,-16162
688,-16017,-16160,-16158,-16031
689,-15800,-16064,-16125,-15823
690,-16168,-16085,-16057,-16133
691,-15940,-16031,-15975,-15959
692,-16118,-16035,-15985,-16102
693,-16035,-16013,-16026,-16041
694,-16043,-16017,-16042,-16042
695,-16189,-16082,-16056,-16174
696,-16052,-16062,-16063,-16064
697,-16069,-16084,-16094,-16068
698,-16233,-16103,-16101,-16216
699,-16056,-16107,-16095,-16071
700,-16169,-16128,-16125,-16159
701,-16129,-16118,-16133,-16132
702,-16152,-16134,-16127,-16150
703,-16184,-16153,-16137,-16180
704,-16032,-16120,-16145,-16046
705,-16360,-16171,-16146,-16328
706,-16042,-16149,-16142,-16070
707,-16152,-16153,-16171,-16143
708,-16209,-16163,-16170,-16202
709,-15920,-16119,-16137,-15948
710,-15876,-16093,-16125,-15883
711,-15889,-16014,-16046,-15888
712,-16113,-16026,-15941,-16090
713,-16227,-16039,-15923,-16213
714,-15976,-16000,-16008,-15999
715,-16189,-16045,-16104,-16170
716,-15996,-16065,-16107,-16013
717,-16182,-16113,-16088,-16165
718,-16084,-16109,-16087,-16092
719,-15954,-16063,-16094,-15967
720,-16113,-16086,-16091,-16098
721,-15929,-16043,-16047,-15945
722,-16379,-16106,-16031,-16335
723,-16040,-16083,-16056,-16069
724,-15905,-16053,-16125,-15921
725,-16151,-16086,-16131,-16127
726,-16025,-16071,-16044,-16035
727,-16370,-16145,-16036,-16336
728,-16291,-16130,-16099,-16295
729,-16056,-16133,-16194,-16079
730,-16197,-16181,-16251,-16185
731,-15961,-16150,-16192,-15983
732,-16193,-16178,-16128,-16171
733,-16160,-16143,-16092,-16161
734,-16112,-16113,-16100,-16116
735,-16105,-16121,-16139,-16106
736,-16072,-16100,-16133,-16075
737,-15897,-16089,-16106,-15914
738,-16056,-16067,-16066,-16041
739,-15979,-16036,-16007,-15985
740,-16217,-16054,-15991,-16193
741,-16033,-16042,-16026,-16048
742,-16084,-16044,-16079,-16080
743,-16212,-16096,-16099,-16198
744,-16029,-16092,-16092,-16045
745,-16204,-16129,-16117,-16188
746,-15967,-16088,-16119,-15989
747,-16145,-16106,-16106,-16129
748,-16314,-16145,-16087,-16295
749,-16135,-16132,-16104,-16151
750,-16189,-16159,-16181,-16185
751,-16042,-16132,-16200,-16056
752,-16040,-16144,-16161,-16041
753,-16167,-16147,-16109,-16154
754,-16021,-16099,-16074,-16034
755,-16171,-16105,-16085,-16157
756,-16006,-16074,-16092,-16021
757,-16265,-16111,-16093,-16240
758,-16102,-16122,-16100,-16115
759,-16117,-16113,-16129,-16116
760,-16266,-16154,-16150,-16250
761,-16128,-16147,-16145,-16140
762,-16169,-16174,-16170,-16166
763,-16269,-16175,-16180,-16258
764,-15895,-16140,-16170,-15931
765,-16201,-16154,-16165,-16173
766,-16057,-16119,-16107,-16068
767,-16073,-16110,-16076,-16072
768,-16098,-16098,-16091,-16095
769,-16357,-16113,-16085,-16330
770,-16268,-16175,-16117,-16274
771,-16072,-16154,-16205,-16092
772,-16164,-16172,-16246,-16156
773,-16123,-16180,-16187,-16126
774,-16009,-16165,-16136,-16020
775,-16299,-16155,-16119,-16271
776,-15980,-16107,-16103,-16009
777,-16257,-16138,-16128,-16232
778,-16227,-16149,-16137,-16227
779,-15953,-16120,-16148,-15980
780,-16169,-16147,-16170,-16150
781,-16253,-16139,-16119,-16242
782,-16131,-16165,-16107,-16142
783,-16160,-16148,-16165,-16158
784,-16114,-16130,-16177,-16118
785,-16297,-16187,-16154,-16279
786,-16053,-16168,-16155,-16075
787,-16073,-16138,-16175,-16073
788,-16160,-16142,-16151,-16151
789,-16065,-16127,-16102,-16073
790,-16188,-16139,-16103,-16176
791,-16299,-16139,-16117,-16286
792,-16120,-16150,-16150,-16136
793,-16224,-16176,-16202,-16215
794,-16068,-16160,-16202,-16082
795,-16293,-16198,-16174,-16271
796,-16067,-16178,-16160,-16087
797,-16168,-16156,-16168,-16159
798,-16096,-16152,-16160,-16102
799,-16029,-16120,-16132,-16036
800,-16209,-16143,-16112,-16191
801,-15954,-16087,-16091,-15977
802,-15976,-16072,-16091,-15976
803,-16000,-16044,-16057,-15997
804,-16081,-16041,-16001,-16072
805,-16168,-16064,-15999,-16158
806,-16097,-16046,-16044,-16103
807,-16103,-16070,-16100,-16102
808,-16192,-16106,-16119,-16183
809,-16001,-16107,-16116,-16019
810,-16276,-16139,-16122,-16250
811,-16032,-16116,-16115,-16053
812,-16277,-16146,-16131,-16254
813,-16122,-16150,-16148,-16135
814,-15821,-16088,-16156,-15852
815,-16193,-16120,-16130,-16158
816,-16093,-16089,-16037,-16099
817,-16049,-16092,-16034,-16054
818,-16345,-16103,-16092,-16315
819,-15961,-16077,-16113,-15996
820,-16176,-16136,-16151,-16157
821,-16016,-16106,-16137,-16030
822,-16150,-16116,-16094,-16138
823,-16097,-16124,-16086,-16101
824,-16072,-16078,-16092,-16074
825,-16169,-16113,-16102,-16159
826,-15912,-16069,-16096,-15936
827,-16197,-16099,-16090,-16170
828,-16074,-16086,-16063,-16083
829,-15896,-16053,-16067,-15914
830,-16142,-16065,-16074,-16119
831,-15969,-16031,-16026,-15984
832,-16115,-16065,-16021,-16101
833,-16281,-16079,-16043,-16262
834,-16036,-16073,-16079,-16058
835,-16156,-16116,-16145,-16146
836,-16033,-16098,-16144,-16044
837,-16104,-16120,-16108,-16098
838,-16081,-16115,-16088,-16082
839,-15984,-16065,-16076,-15993
840,-16153,-16085,-16070,-16136
841,-16040,-16065,-16054,-16049
842,-16182,-16090,-16066,-16168
843,-16176,-16102,-16090,-16175
844,-15895,-16071,-16117,-15923
845,-15904,-16058,-16118,-15905
846,-16012,-16034,-16033,-16001
847,-16162,-16055,-15954,-16145
848,-16249,-16066,-15980,-16238
849,-15893,-16019,-16075,-15927
850,-16104,-16054,-16132,-16086
851,-15970,-16065,-16082,-15981
852,-16088,-16077,-16028,-16077
853,-16267,-16095,-16030,-16248
854,-16032,-16059,-16064,-16053
855,-16184,-16107,-16129,-16170
856,-16068,-16101,-16140,-16078
857,-16128,-16127,-16120,-16122
858,-16128,-16134,-16115,-16127
859,-15970,-16085,-16107,-15985
860,-16267,-16124,-16100,-16238
861,-15945,-16084,-16083,-15974
862,-16116,-16092,-16096,-16101
863,-16025,-16075,-16087,-16032
864,-15920,-16040,-16054,-15931
865,-16192,-16077,-16038,-16165
866,-16001,-16033,-16016,-16017
867,-16172,-16071,-16045,-16156
868,-16256,-16094,-16082,-16245
869,-16089,-16105,-16116,-16104
870,-16088,-16133,-16167,-16089
871,-15991,-16099,-16154,-16000
872,-16197,-16132,-16097,-16177
873,-16175,-16132,-16068,-16175
874,-16052,-16098,-16100,-16064
875,-16181,-16114,-16139,-16169
876,-16004,-16100,-16126,-16020
877,-15915,-16087,-16105,-15925
878,-16116,-16073,-16063,-16096
879,-16019,-16047,-16006,-16026
880,-16141,-16062,-16016,-16129
881,-16057,-16042,-16054,-16064
882,-16052,-16050,-16075,-16053
883,-16201,-16097,-16082,-16186
884,-16079,-16091,-16081,-16089
885,-16300,-16138,-16111,-16278
886,-15997,-16114,-16143,-16025
887,-15964,-16098,-16158,-15970
888,-16260,-16133,-16116,-16231
889,-16147,-16124,-16056,-16155
890,-16264,-16155,-16104,-16253
891,-16127,-16126,-16175,-16139
892,-16024,-16131,-16193,-16035
893,-16093,-16152,-16165,-16087
894,-16051,-16117,-16099,-16054
895,-16300,-16143,-16071,-16275
896,-16056,-16108,-16094,-16077
897,-16213,-16122,-16146,-16199
898,-16169,-16147,-16161,-16172
899,-16048,-16139,-16153,-16060
900,-16300,-16181,-16157,-16276
901,-16101,-16147,-16142,-16118
902,-16385,-16202,-16166,-16358
903,-16303,-16217,-16203,-16308
904,-15928,-16177,-16247,-15965
905,-16272,-16214,-16255,-16241
906,-16073,-16177,-16165,-16089
907,-16092,-16175,-16124,-16091
908,-16264,-16155,-16131,-16246
909,-16017,-16107,-16123,-16039
910,-16200,-16153,-16144,-16183
911,-16013,-16109,-16136,-16029
912,-16169,-16125,-16113,-16155
913,-15988,-16108,-16102,-16004
914,-16120,-16084,-16089,-16108
915,-16328,-16136,-16079,-16305
916,-16074,-16115,-16100,-16097
917,-16228,-16151,-16171,-16214
918,-16212,-16158,-16189,-16212
919,-15901,-16143,-16174,-15932
920,-16288,-16171,-16161,-16252
921,-16066,-16128,-16105,-16084
922,-16113,-16134,-16105,-16110
923,-16192,-16128,-16133,-16183
924,-16146,-16117,-16123,-16149
925,-16233,-16173,-16141,-16224
926,-16304,-16175,-16168,-16296
927,-16091,-16179,-16199,-16111
928,-16120,-16181,-16225,-16119
929,-16129,-16170,-16188,-16128
930,-16261,-16189,-16135,-16247
931,-16057,-16160,-16136,-16076
932,-16204,-16143,-16165,-16191
933,-16160,-16155,-16158,-16163
934,-15989,-16133,-16146,-16006
935,-16288,-16159,-16142,-16259
936,-16116,-16135,-16115,-16130
937,-16276,-16172,-16139,-16261
938,-16064,-16148,-16179,-16083
939,-16006,-16123,-16183,-16013
940,-16233,-16163,-16141,-16210
941,-15928,-16103,-16086,-15956
942,-15993,-16083,-16086,-15989
943,-15900,-16020,-16054,-15908
944,-16043,-16017,-15986,-16029
945,-16197,-16049,-15961,-16180
946,-16146,-16034,-16002,-16149
947,-16236,-16085,-16093,-16227
948,-16140,-16110,-16156,-16148
949,-16041,-16133,-16177,-16051
950,-16235,-16165,-16163,-16216
951,-16073,-16145,-16125,-16087
952,-16224,-16158,-16130,-16210
953,-16121,-16139,-16146,-16129
954,-15819,-16085,-16146,-15850
955,-16217,-16114,-16115,-16180
956,-16009,-16077,-16033,-16026
957,-16081,-16078,-16031,-16075
958,-16304,-16091,-16073,-16281
959,-16002,-16072,-16093,-16029
960,-16192,-16134,-16143,-16175
961,-16136,-16120,-16144,-16139
962,-16191,-16151,-16127,-16185
963,-15882,-16117,-16142,-15912
964,-15933,-16056,-16124,-15930
965,-16225,-16093,-16039,-16195
966,-15815,-16030,-15983,-15853
967,-16156,-16033,-16021,-16125
968,-16097,-16018,-16022,-16099
969,-15800,-16004,-16024,-15829
970,-16194,-16047,-16045,-16157
971,-16060,-16020,-16003,-16069
972,-16200,-16084,-16021,-16186
973,-16089,-16073,-16091,-16098
974,-16009,-16058,-16124,-16017
975,-16176,-16121,-16115,-16160
976,-16000,-16089,-16082,-16016
977,-16050,-16087,-16079,-16046
978,-16056,-16063,-16070,-16054
979,-16044,-16055,-16045,-16045
980,-16156,-16080,-16045,-16144
981,-16211,-16086,-16062,-16204
982,-16167,-16114,-16105,-16170
983,-16173,-16134,-16159,-16172
984,-15985,-16122,-16173,-16003
985,-15904,-16099,-16144,-15913
986,-15978,-16069,-16065,-15971
987,-16150,-16059,-15981,-16132
988,-16161,-16058,-15976,-16158
989,-15934,-16018,-16049,-15956
990,-15904,-16005,-16094,-15909
991,-16060,-16031,-16038,-16044
992,-16120,-16054,-15972,-16112
993,-16317,-16082,-15999,-16296
994,-16091,-16071,-16089,-16111
995,-16109,-16100,-16172,-16109
996,-16002,-16116,-16174,-16012
997,-16145,-16130,-16113,-16131
998,-16144,-16134,-16074,-16142
999,-15985,-16079,-16082,-16000
1000,-16229,-16102,-16104,-16206
